{
  "room_id": "teste",
  "world_frame": {
    "anchor_uuid": null,
    "units": "meters",
    "convention": "unity_left_handed_y_up"
  },
  "created_at": "2026-05-03T17:59:44Z",
  "n_captures_used": 80,
  "n_captures_skipped": 0,
  "skipped_reasons": {},
  "objects": [
    {
      "id": "obj_0000",
      "label": null,
      "score": 0.9137587547302246,
      "center_xyz": [
        0.6384761333465576,
        0.8203989267349243,
        -0.21983695030212402
      ],
      "dims_lhw": [
        0.5731288194656372,
        0.21009735763072968,
        0.6278294324874878
      ],
      "R_3x3": [
        [
          -0.9599064588546753,
          0.14925700426101685,
          -0.23728279769420624
        ],
        [
          0.2208709865808487,
          0.9239400029182434,
          -0.3123307228088379
        ],
        [
          0.17261731624603271,
          -0.3522169888019562,
          -0.9198626279830933
        ]
      ],
      "evidence": {
        "n_frames": 18,
        "best_frame": "passthrough_20260503_140545.png",
        "frames": [
          "passthrough_20260503_140312.png",
          "passthrough_20260503_140315.png",
          "passthrough_20260503_140336.png",
          "passthrough_20260503_140421.png",
          "passthrough_20260503_140423.png",
          "passthrough_20260503_140426.png",
          "passthrough_20260503_140432.png",
          "passthrough_20260503_140459.png",
          "passthrough_20260503_140505.png",
          "passthrough_20260503_140510.png",
          "passthrough_20260503_140511.png",
          "passthrough_20260503_140541.png",
          "passthrough_20260503_140542.png",
          "passthrough_20260503_140545.png",
          "passthrough_20260503_140547.png",
          "passthrough_20260503_140550.png",
          "passthrough_20260503_140551.png",
          "passthrough_20260503_140608.png"
        ]
      }
    },
    {
      "id": "obj_0001",
      "label": null,
      "score": 0.8746431469917297,
      "center_xyz": [
        -1.578050136566162,
        0.9236024022102356,
        0.2635032832622528
      ],
      "dims_lhw": [
        0.24061676859855652,
        0.11635249108076096,
        0.24998590350151062
      ],
      "R_3x3": [
        [
          0.31054621934890747,
          -0.5296710133552551,
          -0.7893099188804626
        ],
        [
          -0.20863750576972961,
          0.772134006023407,
          -0.600232720375061
        ],
        [
          0.9273789525032043,
          0.35107898712158203,
          0.12927444279193878
        ]
      ],
      "evidence": {
        "n_frames": 11,
        "best_frame": "passthrough_20260503_140449.png",
        "frames": [
          "passthrough_20260503_140321.png",
          "passthrough_20260503_140323.png",
          "passthrough_20260503_140445.png",
          "passthrough_20260503_140449.png",
          "passthrough_20260503_140450.png",
          "passthrough_20260503_140523.png",
          "passthrough_20260503_140529.png",
          "passthrough_20260503_140530.png",
          "passthrough_20260503_140600.png",
          "passthrough_20260503_140601.png",
          "passthrough_20260503_140608.png"
        ]
      }
    },
    {
      "id": "obj_0002",
      "label": null,
      "score": 0.870377779006958,
      "center_xyz": [
        -2.1446211338043213,
        2.785952568054199,
        -0.5494371056556702
      ],
      "dims_lhw": [
        0.4279123544692993,
        0.14879921078681946,
        0.3411952555179596
      ],
      "R_3x3": [
        [
          0.32461708784103394,
          0.19788900017738342,
          -0.9249135255813599
        ],
        [
          -0.22843140363693237,
          0.9653249979019165,
          0.1263628602027893
        ],
        [
          0.9178475141525269,
          0.1702599972486496,
          0.3585653603076935
        ]
      ],
      "evidence": {
        "n_frames": 8,
        "best_frame": "passthrough_20260503_140446.png",
        "frames": [
          "passthrough_20260503_140323.png",
          "passthrough_20260503_140326.png",
          "passthrough_20260503_140405.png",
          "passthrough_20260503_140406.png",
          "passthrough_20260503_140409.png",
          "passthrough_20260503_140446.png",
          "passthrough_20260503_140525.png",
          "passthrough_20260503_140527.png"
        ]
      }
    },
    {
      "id": "obj_0003",
      "label": null,
      "score": 0.8681738972663879,
      "center_xyz": [
        1.0993292331695557,
        0.9191250801086426,
        -0.5248100161552429
      ],
      "dims_lhw": [
        0.47504696249961853,
        0.27580031752586365,
        0.44813206791877747
      ],
      "R_3x3": [
        [
          0.07605389505624771,
          0.7533789873123169,
          0.653174102306366
        ],
        [
          0.20175126194953918,
          0.6298949718475342,
          -0.7500193119049072
        ],
        [
          -0.9764801859855652,
          0.1888210028409958,
          -0.10408901423215866
        ]
      ],
      "evidence": {
        "n_frames": 3,
        "best_frame": "passthrough_20260503_140426.png",
        "frames": [
          "passthrough_20260503_140312.png",
          "passthrough_20260503_140336.png",
          "passthrough_20260503_140426.png"
        ]
      }
    },
    {
      "id": "obj_0004",
      "label": null,
      "score": 0.8598317503929138,
      "center_xyz": [
        -1.3647135496139526,
        0.9394108057022095,
        -0.03603965789079666
      ],
      "dims_lhw": [
        0.2930493652820587,
        0.11528909206390381,
        0.2954613268375397
      ],
      "R_3x3": [
        [
          0.29705700278282166,
          -0.04334399849176407,
          -0.9538760185241699
        ],
        [
          -0.13884609937667847,
          0.986391007900238,
          -0.08806034177541733
        ],
        [
          0.9447106719017029,
          0.15860100090503693,
          0.28699609637260437
        ]
      ],
      "evidence": {
        "n_frames": 20,
        "best_frame": "passthrough_20260503_140323.png",
        "frames": [
          "passthrough_20260503_140304.png",
          "passthrough_20260503_140308.png",
          "passthrough_20260503_140321.png",
          "passthrough_20260503_140323.png",
          "passthrough_20260503_140326.png",
          "passthrough_20260503_140338.png",
          "passthrough_20260503_140340.png",
          "passthrough_20260503_140410.png",
          "passthrough_20260503_140412.png",
          "passthrough_20260503_140445.png",
          "passthrough_20260503_140450.png",
          "passthrough_20260503_140520.png",
          "passthrough_20260503_140523.png",
          "passthrough_20260503_140529.png",
          "passthrough_20260503_140530.png",
          "passthrough_20260503_140550.png",
          "passthrough_20260503_140551.png",
          "passthrough_20260503_140600.png",
          "passthrough_20260503_140601.png",
          "passthrough_20260503_140608.png"
        ]
      }
    },
    {
      "id": "obj_0005",
      "label": null,
      "score": 0.859677255153656,
      "center_xyz": [
        -0.8875008225440979,
        0.9543771743774414,
        -1.2097214460372925
      ],
      "dims_lhw": [
        0.23887774348258972,
        0.1667124480009079,
        0.285692423582077
      ],
      "R_3x3": [
        [
          -0.9538527131080627,
          -0.20908600091934204,
          -0.21552003920078278
        ],
        [
          -0.11816474050283432,
          0.9211969971656799,
          -0.37072041630744934
        ],
        [
          0.276047945022583,
          -0.3281460106372833,
          -0.9033932089805603
        ]
      ],
      "evidence": {
        "n_frames": 20,
        "best_frame": "passthrough_20260503_140523.png",
        "frames": [
          "passthrough_20260503_140304.png",
          "passthrough_20260503_140308.png",
          "passthrough_20260503_140321.png",
          "passthrough_20260503_140340.png",
          "passthrough_20260503_140359.png",
          "passthrough_20260503_140401.png",
          "passthrough_20260503_140439.png",
          "passthrough_20260503_140443.png",
          "passthrough_20260503_140510.png",
          "passthrough_20260503_140511.png",
          "passthrough_20260503_140520.png",
          "passthrough_20260503_140523.png",
          "passthrough_20260503_140544.png",
          "passthrough_20260503_140545.png",
          "passthrough_20260503_140547.png",
          "passthrough_20260503_140550.png",
          "passthrough_20260503_140551.png",
          "passthrough_20260503_140600.png",
          "passthrough_20260503_140601.png",
          "passthrough_20260503_140604.png"
        ]
      }
    },
    {
      "id": "obj_0006",
      "label": null,
      "score": 0.848556399345398,
      "center_xyz": [
        0.849094808101654,
        1.0597693920135498,
        0.7772448658943176
      ],
      "dims_lhw": [
        0.419711172580719,
        0.22486098110675812,
        0.34604793787002563
      ],
      "R_3x3": [
        [
          0.9374489784240723,
          0.09336099773645401,
          0.33537134528160095
        ],
        [
          -0.051801931113004684,
          0.9900529980659485,
          -0.13081373274326324
        ],
        [
          -0.34424835443496704,
          0.10525800287723541,
          0.932960033416748
        ]
      ],
      "evidence": {
        "n_frames": 12,
        "best_frame": "passthrough_20260503_140430.png",
        "frames": [
          "passthrough_20260503_140312.png",
          "passthrough_20260503_140315.png",
          "passthrough_20260503_140328.png",
          "passthrough_20260503_140336.png",
          "passthrough_20260503_140417.png",
          "passthrough_20260503_140421.png",
          "passthrough_20260503_140430.png",
          "passthrough_20260503_140432.png",
          "passthrough_20260503_140456.png",
          "passthrough_20260503_140457.png",
          "passthrough_20260503_140459.png",
          "passthrough_20260503_140541.png"
        ]
      }
    },
    {
      "id": "obj_0007",
      "label": null,
      "score": 0.8444259166717529,
      "center_xyz": [
        0.18695978820323944,
        1.6872833967208862,
        -2.1519508361816406
      ],
      "dims_lhw": [
        0.5766708254814148,
        1.2929255962371826,
        0.08945763111114502
      ],
      "R_3x3": [
        [
          -0.968358039855957,
          -0.04241099953651428,
          -0.24593758583068848
        ],
        [
          -0.07277389615774155,
          0.9906129837036133,
          0.11571209132671356
        ],
        [
          0.23872129619121552,
          0.12994900345802307,
          -0.9623548984527588
        ]
      ],
      "evidence": {
        "n_frames": 12,
        "best_frame": "passthrough_20260503_140604.png",
        "frames": [
          "passthrough_20260503_140439.png",
          "passthrough_20260503_140441.png",
          "passthrough_20260503_140509.png",
          "passthrough_20260503_140510.png",
          "passthrough_20260503_140523.png",
          "passthrough_20260503_140525.png",
          "passthrough_20260503_140544.png",
          "passthrough_20260503_140545.png",
          "passthrough_20260503_140551.png",
          "passthrough_20260503_140601.png",
          "passthrough_20260503_140604.png",
          "passthrough_20260503_140608.png"
        ]
      }
    },
    {
      "id": "obj_0008",
      "label": null,
      "score": 0.8358674645423889,
      "center_xyz": [
        -2.1925299167633057,
        1.8819862604141235,
        -0.7500683665275574
      ],
      "dims_lhw": [
        0.35231301188468933,
        0.315507173538208,
        0.18721339106559753
      ],
      "R_3x3": [
        [
          0.3126369118690491,
          0.19788900017738342,
          -0.9290314316749573
        ],
        [
          -0.2267792820930481,
          0.9653249979019165,
          0.1293044239282608
        ],
        [
          0.9224047660827637,
          0.1702599972486496,
          0.3466736376285553
        ]
      ],
      "evidence": {
        "n_frames": 13,
        "best_frame": "passthrough_20260503_140446.png",
        "frames": [
          "passthrough_20260503_140300.png",
          "passthrough_20260503_140304.png",
          "passthrough_20260503_140323.png",
          "passthrough_20260503_140326.png",
          "passthrough_20260503_140405.png",
          "passthrough_20260503_140409.png",
          "passthrough_20260503_140445.png",
          "passthrough_20260503_140446.png",
          "passthrough_20260503_140523.png",
          "passthrough_20260503_140525.png",
          "passthrough_20260503_140527.png",
          "passthrough_20260503_140601.png",
          "passthrough_20260503_140602.png"
        ]
      }
    },
    {
      "id": "obj_0009",
      "label": null,
      "score": 0.8112536668777466,
      "center_xyz": [
        -2.0738608837127686,
        2.664898157119751,
        -0.8142872452735901
      ],
      "dims_lhw": [
        0.3169815242290497,
        0.11095811426639557,
        0.313192754983902
      ],
      "R_3x3": [
        [
          -0.9895632266998291,
          -0.0504320003092289,
          -0.13498841226100922
        ],
        [
          -0.08022890985012054,
          0.9709630012512207,
          0.2253768891096115
        ],
        [
          0.11970283836126328,
          0.2338549941778183,
          -0.9648756384849548
        ]
      ],
      "evidence": {
        "n_frames": 3,
        "best_frame": "passthrough_20260503_140442.png",
        "frames": [
          "passthrough_20260503_140442.png",
          "passthrough_20260503_140446.png",
          "passthrough_20260503_140525.png"
        ]
      }
    },
    {
      "id": "obj_0010",
      "label": null,
      "score": 0.8084731101989746,
      "center_xyz": [
        1.3746711015701294,
        2.353461265563965,
        -0.4790438711643219
      ],
      "dims_lhw": [
        0.21039152145385742,
        0.22565998136997223,
        0.1357835829257965
      ],
      "R_3x3": [
        [
          -0.28623512387275696,
          -0.1157509982585907,
          0.9511419534683228
        ],
        [
          -0.000257877167314291,
          0.9926850199699402,
          0.12072886526584625
        ],
        [
          -0.9581597447395325,
          0.034311000257730484,
          -0.2841709554195404
        ]
      ],
      "evidence": {
        "n_frames": 4,
        "best_frame": "passthrough_20260503_140544.png",
        "frames": [
          "passthrough_20260503_140317.png",
          "passthrough_20260503_140543.png",
          "passthrough_20260503_140544.png",
          "passthrough_20260503_140545.png"
        ]
      }
    },
    {
      "id": "obj_0011",
      "label": null,
      "score": 0.7995652556419373,
      "center_xyz": [
        -1.120674729347229,
        1.755908727645874,
        -1.6448417901992798
      ],
      "dims_lhw": [
        0.5445475578308105,
        0.2553931176662445,
        0.11028237640857697
      ],
      "R_3x3": [
        [
          -0.917630136013031,
          -0.24509300291538239,
          -0.3128677010536194
        ],
        [
          -0.1527838408946991,
          0.9442600011825562,
          -0.2916008532047272
        ],
        [
          0.36689695715904236,
          -0.21977999806404114,
          -0.9039271473884583
        ]
      ],
      "evidence": {
        "n_frames": 7,
        "best_frame": "passthrough_20260503_140355.png",
        "frames": [
          "passthrough_20260503_140355.png",
          "passthrough_20260503_140443.png",
          "passthrough_20260503_140551.png",
          "passthrough_20260503_140601.png",
          "passthrough_20260503_140602.png",
          "passthrough_20260503_140604.png",
          "passthrough_20260503_140608.png"
        ]
      }
    },
    {
      "id": "obj_0012",
      "label": null,
      "score": 0.798714816570282,
      "center_xyz": [
        -2.1031334400177,
        1.8831113576889038,
        -0.18854597210884094
      ],
      "dims_lhw": [
        0.47007790207862854,
        0.5679914355278015,
        0.4179103970527649
      ],
      "R_3x3": [
        [
          0.2700454294681549,
          -0.06023100018501282,
          -0.9609622359275818
        ],
        [
          -0.20643310248851776,
          0.9712110161781311,
          -0.11888479441404343
        ],
        [
          0.9404582977294922,
          0.23047900199890137,
          0.24983708560466766
        ]
      ],
      "evidence": {
        "n_frames": 5,
        "best_frame": "passthrough_20260503_140326.png",
        "frames": [
          "passthrough_20260503_140300.png",
          "passthrough_20260503_140326.png",
          "passthrough_20260503_140409.png",
          "passthrough_20260503_140527.png",
          "passthrough_20260503_140602.png"
        ]
      }
    },
    {
      "id": "obj_0013",
      "label": null,
      "score": 0.7956899404525757,
      "center_xyz": [
        1.573685884475708,
        2.460620164871216,
        -0.7082904577255249
      ],
      "dims_lhw": [
        0.257460355758667,
        0.32310938835144043,
        0.08759567886590958
      ],
      "R_3x3": [
        [
          -0.3654802143573761,
          0.05396199971437454,
          0.929253339767456
        ],
        [
          0.002918265527114272,
          0.9983800053596497,
          -0.05682823434472084
        ],
        [
          -0.9308151602745056,
          -0.01805800013244152,
          -0.36504554748535156
        ]
      ],
      "evidence": {
        "n_frames": 4,
        "best_frame": "passthrough_20260503_140332.png",
        "frames": [
          "passthrough_20260503_140332.png",
          "passthrough_20260503_140428.png",
          "passthrough_20260503_140542.png",
          "passthrough_20260503_140608.png"
        ]
      }
    },
    {
      "id": "obj_0014",
      "label": null,
      "score": 0.7887268662452698,
      "center_xyz": [
        0.6247230172157288,
        0.7959374189376831,
        0.34148332476615906
      ],
      "dims_lhw": [
        0.2329888641834259,
        0.08799318969249725,
        0.2537517547607422
      ],
      "R_3x3": [
        [
          -0.10634687542915344,
          0.5446550250053406,
          0.8318895697593689
        ],
        [
          0.3146175742149353,
          0.8120819926261902,
          -0.4914664924144745
        ],
        [
          -0.9432420134544373,
          0.2094620019197464,
          -0.25772035121917725
        ]
      ],
      "evidence": {
        "n_frames": 2,
        "best_frame": "passthrough_20260503_140459.png",
        "frames": [
          "passthrough_20260503_140459.png",
          "passthrough_20260503_140505.png"
        ]
      }
    },
    {
      "id": "obj_0015",
      "label": null,
      "score": 0.784361720085144,
      "center_xyz": [
        -2.260505437850952,
        1.5413399934768677,
        -0.5965976715087891
      ],
      "dims_lhw": [
        0.5829322934150696,
        0.273037850856781,
        0.1494956761598587
      ],
      "R_3x3": [
        [
          0.36975449323654175,
          -0.0974079966545105,
          -0.9240097999572754
        ],
        [
          -0.02420661598443985,
          0.9931420087814331,
          -0.1143823191523552
        ],
        [
          0.9288144707679749,
          0.06465999782085419,
          0.36486056447029114
        ]
      ],
      "evidence": {
        "n_frames": 7,
        "best_frame": "passthrough_20260503_140405.png",
        "frames": [
          "passthrough_20260503_140300.png",
          "passthrough_20260503_140304.png",
          "passthrough_20260503_140321.png",
          "passthrough_20260503_140405.png",
          "passthrough_20260503_140409.png",
          "passthrough_20260503_140410.png",
          "passthrough_20260503_140445.png"
        ]
      }
    },
    {
      "id": "obj_0016",
      "label": null,
      "score": 0.784103274345398,
      "center_xyz": [
        -1.729509949684143,
        2.137143850326538,
        0.8986349701881409
      ],
      "dims_lhw": [
        0.8833016753196716,
        0.8255034685134888,
        0.08974311500787735
      ],
      "R_3x3": [
        [
          0.31541451811790466,
          0.13194100558757782,
          -0.939736545085907
        ],
        [
          -0.0970325917005539,
          0.9895809888839722,
          0.1063709557056427
        ],
        [
          0.9439796805381775,
          0.05763399973511696,
          0.32493099570274353
        ]
      ],
      "evidence": {
        "n_frames": 9,
        "best_frame": "passthrough_20260503_140448.png",
        "frames": [
          "passthrough_20260503_140300.png",
          "passthrough_20260503_140304.png",
          "passthrough_20260503_140323.png",
          "passthrough_20260503_140326.png",
          "passthrough_20260503_140409.png",
          "passthrough_20260503_140435.png",
          "passthrough_20260503_140448.png",
          "passthrough_20260503_140453.png",
          "passthrough_20260503_140533.png"
        ]
      }
    },
    {
      "id": "obj_0017",
      "label": null,
      "score": 0.7793079614639282,
      "center_xyz": [
        1.6897623538970947,
        2.42449688911438,
        -0.29399824142456055
      ],
      "dims_lhw": [
        0.22893255949020386,
        0.3298848569393158,
        0.08406050503253937
      ],
      "R_3x3": [
        [
          -0.31990399956703186,
          -0.05051799863576889,
          0.9461023807525635
        ],
        [
          -0.14092490077018738,
          0.9900069832801819,
          0.005211944691836834
        ],
        [
          -0.9369106888771057,
          -0.13166199624538422,
          -0.3238257169723511
        ]
      ],
      "evidence": {
        "n_frames": 3,
        "best_frame": "passthrough_20260503_140428.png",
        "frames": [
          "passthrough_20260503_140428.png",
          "passthrough_20260503_140500.png",
          "passthrough_20260503_140506.png"
        ]
      }
    },
    {
      "id": "obj_0018",
      "label": null,
      "score": 0.7726824283599854,
      "center_xyz": [
        -0.551087498664856,
        1.4843100309371948,
        -1.7449028491973877
      ],
      "dims_lhw": [
        0.12501661479473114,
        0.26229020953178406,
        0.21219320595264435
      ],
      "R_3x3": [
        [
          -0.9448174238204956,
          -0.17130300402641296,
          -0.2792416214942932
        ],
        [
          -0.06228850781917572,
          0.9307780265808105,
          -0.3602396547794342
        ],
        [
          0.3216220736503601,
          -0.322966992855072,
          -0.8900856375694275
        ]
      ],
      "evidence": {
        "n_frames": 4,
        "best_frame": "passthrough_20260503_140601.png",
        "frames": [
          "passthrough_20260503_140304.png",
          "passthrough_20260503_140308.png",
          "passthrough_20260503_140441.png",
          "passthrough_20260503_140601.png"
        ]
      }
    },
    {
      "id": "obj_0019",
      "label": null,
      "score": 0.7691361904144287,
      "center_xyz": [
        1.4077799320220947,
        1.6695135831832886,
        -0.1210084855556488
      ],
      "dims_lhw": [
        0.31502270698547363,
        0.48880547285079956,
        0.13172554969787598
      ],
      "R_3x3": [
        [
          0.9207504987716675,
          0.03900099918246269,
          0.3881984055042267
        ],
        [
          -0.026589754968881607,
          0.9989510178565979,
          -0.03729433938860893
        ],
        [
          -0.3892451822757721,
          0.02401600033044815,
          0.9208207130432129
        ]
      ],
      "evidence": {
        "n_frames": 6,
        "best_frame": "passthrough_20260503_140315.png",
        "frames": [
          "passthrough_20260503_140312.png",
          "passthrough_20260503_140315.png",
          "passthrough_20260503_140330.png",
          "passthrough_20260503_140421.png",
          "passthrough_20260503_140544.png",
          "passthrough_20260503_140545.png"
        ]
      }
    },
    {
      "id": "obj_0020",
      "label": null,
      "score": 0.7659186720848083,
      "center_xyz": [
        -1.2499361038208008,
        1.5354098081588745,
        -1.4378563165664673
      ],
      "dims_lhw": [
        0.34992438554763794,
        0.32860395312309265,
        0.2869640290737152
      ],
      "R_3x3": [
        [
          -0.8972784876823425,
          0.042096998542547226,
          -0.43945422768592834
        ],
        [
          -0.02212647907435894,
          0.98990398645401,
          0.14000330865383148
        ],
        [
          0.4409107565879822,
          0.135344997048378,
          -0.8872877359390259
        ]
      ],
      "evidence": {
        "n_frames": 4,
        "best_frame": "passthrough_20260503_140525.png",
        "frames": [
          "passthrough_20260503_140323.png",
          "passthrough_20260503_140405.png",
          "passthrough_20260503_140523.png",
          "passthrough_20260503_140525.png"
        ]
      }
    },
    {
      "id": "obj_0021",
      "label": null,
      "score": 0.7536296844482422,
      "center_xyz": [
        1.212620735168457,
        2.4327569007873535,
        -1.0786131620407104
      ],
      "dims_lhw": [
        0.2789994776248932,
        0.23076537251472473,
        0.07812591642141342
      ],
      "R_3x3": [
        [
          -0.3095448911190033,
          -0.04241099953651428,
          0.9499391913414001
        ],
        [
          0.1106371134519577,
          0.9906129837036133,
          0.08027923107147217
        ],
        [
          -0.9444272518157959,
          0.12994900345802307,
          -0.301946759223938
        ]
      ],
      "evidence": {
        "n_frames": 5,
        "best_frame": "passthrough_20260503_140604.png",
        "frames": [
          "passthrough_20260503_140509.png",
          "passthrough_20260503_140543.png",
          "passthrough_20260503_140544.png",
          "passthrough_20260503_140545.png",
          "passthrough_20260503_140604.png"
        ]
      }
    },
    {
      "id": "obj_0022",
      "label": null,
      "score": 0.7527093887329102,
      "center_xyz": [
        -1.1985201835632324,
        0.7231640815734863,
        0.7201908230781555
      ],
      "dims_lhw": [
        0.3014841079711914,
        0.3583666980266571,
        0.3283110558986664
      ],
      "R_3x3": [
        [
          0.36078330874443054,
          -0.5296710133552551,
          -0.7676486372947693
        ],
        [
          -0.1695093810558319,
          0.772134006023407,
          -0.6124340295791626
        ],
        [
          0.9171162247657776,
          0.35107898712158203,
          0.1887892335653305
        ]
      ],
      "evidence": {
        "n_frames": 12,
        "best_frame": "passthrough_20260503_140449.png",
        "frames": [
          "passthrough_20260503_140304.png",
          "passthrough_20260503_140321.png",
          "passthrough_20260503_140326.png",
          "passthrough_20260503_140410.png",
          "passthrough_20260503_140417.png",
          "passthrough_20260503_140449.png",
          "passthrough_20260503_140450.png",
          "passthrough_20260503_140451.png",
          "passthrough_20260503_140529.png",
          "passthrough_20260503_140530.png",
          "passthrough_20260503_140531.png",
          "passthrough_20260503_140600.png"
        ]
      }
    },
    {
      "id": "obj_0023",
      "label": null,
      "score": 0.7481527328491211,
      "center_xyz": [
        1.8233137130737305,
        1.697714924812317,
        0.36065202951431274
      ],
      "dims_lhw": [
        0.5052401423454285,
        0.7542828321456909,
        0.0880594402551651
      ],
      "R_3x3": [
        [
          0.934039294719696,
          0.03900099918246269,
          0.35503533482551575
        ],
        [
          -0.027905955910682678,
          0.9989510178565979,
          -0.03631997108459473
        ],
        [
          -0.3560788929462433,
          0.02401600033044815,
          0.9341468811035156
        ]
      ],
      "evidence": {
        "n_frames": 7,
        "best_frame": "passthrough_20260503_140315.png",
        "frames": [
          "passthrough_20260503_140315.png",
          "passthrough_20260503_140330.png",
          "passthrough_20260503_140332.png",
          "passthrough_20260503_140428.png",
          "passthrough_20260503_140430.png",
          "passthrough_20260503_140500.png",
          "passthrough_20260503_140506.png"
        ]
      }
    },
    {
      "id": "obj_0024",
      "label": null,
      "score": 0.7415900230407715,
      "center_xyz": [
        1.2353510856628418,
        1.7005943059921265,
        -0.7855031490325928
      ],
      "dims_lhw": [
        0.31699684262275696,
        0.5788840651512146,
        0.12746809422969818
      ],
      "R_3x3": [
        [
          0.9450527429580688,
          0.12172500044107437,
          0.3034122586250305
        ],
        [
          0.023917295038700104,
          0.8998669981956482,
          -0.43550905585289
        ],
        [
          -0.3260428309440613,
          0.41883599758148193,
          0.8475099802017212
        ]
      ],
      "evidence": {
        "n_frames": 5,
        "best_frame": "passthrough_20260503_140312.png",
        "frames": [
          "passthrough_20260503_140312.png",
          "passthrough_20260503_140315.png",
          "passthrough_20260503_140330.png",
          "passthrough_20260503_140423.png",
          "passthrough_20260503_140544.png"
        ]
      }
    },
    {
      "id": "obj_0025",
      "label": null,
      "score": 0.737034022808075,
      "center_xyz": [
        1.7624952793121338,
        1.7468150854110718,
        -0.17320576310157776
      ],
      "dims_lhw": [
        0.37909990549087524,
        0.6684492230415344,
        0.09425836056470871
      ],
      "R_3x3": [
        [
          -0.3521971106529236,
          -0.05051799863576889,
          0.9345616698265076
        ],
        [
          -0.1410207748413086,
          0.9900069832801819,
          0.0003706149582285434
        ],
        [
          -0.9252408146858215,
          -0.13166199624538422,
          -0.35580095648765564
        ]
      ],
      "evidence": {
        "n_frames": 4,
        "best_frame": "passthrough_20260503_140428.png",
        "frames": [
          "passthrough_20260503_140428.png",
          "passthrough_20260503_140500.png",
          "passthrough_20260503_140506.png",
          "passthrough_20260503_140542.png"
        ]
      }
    },
    {
      "id": "obj_0026",
      "label": null,
      "score": 0.7358216643333435,
      "center_xyz": [
        -0.7836906313896179,
        0.6190919876098633,
        0.5634428858757019
      ],
      "dims_lhw": [
        0.2410632073879242,
        0.3657374083995819,
        0.2746148407459259
      ],
      "R_3x3": [
        [
          0.47737643122673035,
          -0.7394459843635559,
          -0.4746904969215393
        ],
        [
          -0.21021050214767456,
          0.4284290075302124,
          -0.8787830471992493
        ],
        [
          0.853183925151825,
          0.5192959904670715,
          0.0490829199552536
        ]
      ],
      "evidence": {
        "n_frames": 5,
        "best_frame": "passthrough_20260503_140450.png",
        "frames": [
          "passthrough_20260503_140308.png",
          "passthrough_20260503_140321.png",
          "passthrough_20260503_140338.png",
          "passthrough_20260503_140417.png",
          "passthrough_20260503_140450.png"
        ]
      }
    },
    {
      "id": "obj_0027",
      "label": null,
      "score": 0.7338290810585022,
      "center_xyz": [
        1.408715009689331,
        2.07088565826416,
        1.0670086145401
      ],
      "dims_lhw": [
        0.20833688974380493,
        0.6729881167411804,
        0.39808493852615356
      ],
      "R_3x3": [
        [
          0.9295830726623535,
          0.03900099918246269,
          0.3665444552898407
        ],
        [
          -0.027455242350697517,
          0.9989510178565979,
          -0.036661867052316666
        ],
        [
          -0.3675892651081085,
          0.02401600033044815,
          0.9296777248382568
        ]
      ],
      "evidence": {
        "n_frames": 10,
        "best_frame": "passthrough_20260503_140315.png",
        "frames": [
          "passthrough_20260503_140312.png",
          "passthrough_20260503_140315.png",
          "passthrough_20260503_140317.png",
          "passthrough_20260503_140328.png",
          "passthrough_20260503_140330.png",
          "passthrough_20260503_140428.png",
          "passthrough_20260503_140430.png",
          "passthrough_20260503_140500.png",
          "passthrough_20260503_140542.png",
          "passthrough_20260503_140543.png"
        ]
      }
    },
    {
      "id": "obj_0028",
      "label": null,
      "score": 0.7267577052116394,
      "center_xyz": [
        0.9963854551315308,
        2.2426812648773193,
        -0.7823485732078552
      ],
      "dims_lhw": [
        0.16097790002822876,
        0.22541838884353638,
        0.2563824951648712
      ],
      "R_3x3": [
        [
          0.9209930896759033,
          0.03900099918246269,
          0.3876226544380188
        ],
        [
          -0.02661306783556938,
          0.9989510178565979,
          -0.0372777096927166
        ],
        [
          -0.38866934180259705,
          0.02401600033044815,
          0.9210638999938965
        ]
      ],
      "evidence": {
        "n_frames": 2,
        "best_frame": "passthrough_20260503_140315.png",
        "frames": [
          "passthrough_20260503_140315.png",
          "passthrough_20260503_140507.png"
        ]
      }
    },
    {
      "id": "obj_0029",
      "label": null,
      "score": 0.7059022784233093,
      "center_xyz": [
        1.5830278396606445,
        1.839692234992981,
        -0.6990124583244324
      ],
      "dims_lhw": [
        0.3722633719444275,
        0.576512336730957,
        0.09118634462356567
      ],
      "R_3x3": [
        [
          -0.3131696879863739,
          0.14925700426101685,
          0.9378957152366638
        ],
        [
          -0.29369792342185974,
          0.9239400029182434,
          -0.2451040893793106
        ],
        [
          -0.9031429886817932,
          -0.3522169888019562,
          -0.24551331996917725
        ]
      ],
      "evidence": {
        "n_frames": 6,
        "best_frame": "passthrough_20260503_140545.png",
        "frames": [
          "passthrough_20260503_140332.png",
          "passthrough_20260503_140428.png",
          "passthrough_20260503_140542.png",
          "passthrough_20260503_140543.png",
          "passthrough_20260503_140545.png",
          "passthrough_20260503_140608.png"
        ]
      }
    },
    {
      "id": "obj_0030",
      "label": null,
      "score": 0.7043916583061218,
      "center_xyz": [
        1.3710261583328247,
        1.8439395427703857,
        -1.130304217338562
      ],
      "dims_lhw": [
        0.435555636882782,
        0.6210031509399414,
        0.08912074565887451
      ],
      "R_3x3": [
        [
          -0.3667682111263275,
          0.04050999879837036,
          0.929430365562439
        ],
        [
          -0.27357637882232666,
          0.9501810073852539,
          -0.14937275648117065
        ],
        [
          -0.8891782164573669,
          -0.30905500054359436,
          -0.33741387724876404
        ]
      ],
      "evidence": {
        "n_frames": 4,
        "best_frame": "passthrough_20260503_140608.png",
        "frames": [
          "passthrough_20260503_140506.png",
          "passthrough_20260503_140545.png",
          "passthrough_20260503_140604.png",
          "passthrough_20260503_140608.png"
        ]
      }
    },
    {
      "id": "obj_0031",
      "label": null,
      "score": 0.6901051998138428,
      "center_xyz": [
        -0.09015132486820221,
        1.3509178161621094,
        -1.5702091455459595
      ],
      "dims_lhw": [
        0.24561908841133118,
        0.24803747236728668,
        0.2436801791191101
      ],
      "R_3x3": [
        [
          -0.9629517197608948,
          -0.04241099953651428,
          -0.26632022857666016
        ],
        [
          -0.07519982010126114,
          0.9906129837036133,
          0.11415039747953415
        ],
        [
          0.25897884368896484,
          0.12994900345802307,
          -0.9571022391319275
        ]
      ],
      "evidence": {
        "n_frames": 2,
        "best_frame": "passthrough_20260503_140604.png",
        "frames": [
          "passthrough_20260503_140604.png",
          "passthrough_20260503_140608.png"
        ]
      }
    },
    {
      "id": "obj_0032",
      "label": null,
      "score": 0.6841685175895691,
      "center_xyz": [
        1.5602233409881592,
        1.5549818277359009,
        0.40430909395217896
      ],
      "dims_lhw": [
        0.3739960193634033,
        0.284132719039917,
        0.05294835940003395
      ],
      "R_3x3": [
        [
          -0.13339896500110626,
          0.4344150125980377,
          0.8907797932624817
        ],
        [
          0.4929511547088623,
          0.8088250160217285,
          -0.32062575221061707
        ],
        [
          -0.8597702383995056,
          0.396340012550354,
          -0.32204124331474304
        ]
      ],
      "evidence": {
        "n_frames": 3,
        "best_frame": "passthrough_20260503_140421.png",
        "frames": [
          "passthrough_20260503_140421.png",
          "passthrough_20260503_140432.png",
          "passthrough_20260503_140459.png"
        ]
      }
    },
    {
      "id": "obj_0033",
      "label": null,
      "score": 0.6838976740837097,
      "center_xyz": [
        -2.1423895359039307,
        1.3969446420669556,
        -0.4525699019432068
      ],
      "dims_lhw": [
        0.40271884202957153,
        0.18089638650417328,
        0.10396499186754227
      ],
      "R_3x3": [
        [
          0.23810581862926483,
          -0.06023100018501282,
          -0.9693701863288879
        ],
        [
          -0.21025320887565613,
          0.9712110161781311,
          -0.11199023574590683
        ],
        [
          0.9482088685035706,
          0.23047900199890137,
          0.21858687698841095
        ]
      ],
      "evidence": {
        "n_frames": 2,
        "best_frame": "passthrough_20260503_140326.png",
        "frames": [
          "passthrough_20260503_140326.png",
          "passthrough_20260503_140410.png"
        ]
      }
    },
    {
      "id": "obj_0034",
      "label": null,
      "score": 0.6667059659957886,
      "center_xyz": [
        0.5634191632270813,
        0.8568238019943237,
        0.17438039183616638
      ],
      "dims_lhw": [
        0.2132643312215805,
        0.09759306162595749,
        0.26254940032958984
      ],
      "R_3x3": [
        [
          -0.47008687257766724,
          0.36694398522377014,
          0.8027269840240479
        ],
        [
          -0.5713802576065063,
          0.5666670203208923,
          -0.5936439037322998
        ],
        [
          -0.6727131605148315,
          -0.7377259731292725,
          -0.05671817064285278
        ]
      ],
      "evidence": {
        "n_frames": 2,
        "best_frame": "passthrough_20260503_140547.png",
        "frames": [
          "passthrough_20260503_140541.png",
          "passthrough_20260503_140547.png"
        ]
      }
    },
    {
