{
  "room_id": "teste",
  "world_frame": {
    "anchor_uuid": null,
    "units": "meters",
    "convention": "unity_left_handed_y_up"
  },
  "created_at": "2026-05-03T17:47:53Z",
  "n_captures_used": 10,
  "n_captures_skipped": 0,
  "skipped_reasons": {},
  "objects": [
    {
      "id": "obj_0000",
      "label": null,
      "score": 0.8329744935035706,
      "center_xyz": [
        0.5919058918952942,
        1.102868676185608,
        0.5170862674713135
      ],
      "dims_lhw": [
        0.4534805417060852,
        0.2810704708099365,
        0.592971920967102
      ],
      "R_3x3": [
        [
          0.9118651747703552,
          0.11305800080299377,
          0.39461377263069153
        ],
        [
          -0.03686220571398735,
          0.9799929857254028,
          -0.19559098780155182
        ],
        [
          -0.40883126854896545,
          0.1638070046901703,
          0.8977891206741333
        ]
      ],
      "evidence": {
        "n_frames": 3,
        "best_frame": "passthrough_20260503_140328.png",
        "frames": [
          "passthrough_20260503_140312.png",
          "passthrough_20260503_140315.png",
          "passthrough_20260503_140328.png"
        ]
      }
    },
    {
      "id": "obj_0001",
      "label": null,
      "score": 0.798714816570282,
      "center_xyz": [
        -2.228938102722168,
        1.7988559007644653,
        -0.7142159342765808
      ],
      "dims_lhw": [
        0.36601316928863525,
        0.2595493495464325,
        0.15481767058372498
      ],
      "R_3x3": [
        [
          0.2700454294681549,
          -0.06023100018501282,
          -0.9609622359275818
        ],
        [
          -0.20643310248851776,
          0.9712110161781311,
          -0.11888479441404343
        ],
        [
          0.9404582977294922,
          0.23047900199890137,
          0.24983708560466766
        ]
      ],
      "evidence": {
        "n_frames": 4,
        "best_frame": "passthrough_20260503_140326.png",
        "frames": [
          "passthrough_20260503_140300.png",
          "passthrough_20260503_140304.png",
          "passthrough_20260503_140323.png",
          "passthrough_20260503_140326.png"
        ]
      }
    },
    {
      "id": "obj_0002",
      "label": null,
      "score": 0.7725866436958313,
      "center_xyz": [
        -1.7738056182861328,
        1.0764999389648438,
        -0.2862820625305176
      ],
      "dims_lhw": [
        0.2877952754497528,
        0.19512981176376343,
        0.1972411423921585
      ],
      "R_3x3": [
        [
          0.17010264098644257,
          -0.04334399849176407,
          -0.9844731688499451
        ],
        [
          -0.1491459161043167,
          0.986391007900238,
          -0.06919798254966736
        ],
        [
          0.9740738868713379,
          0.15860100090503693,
          0.1613231599330902
        ]
      ],
      "evidence": {
        "n_frames": 4,
        "best_frame": "passthrough_20260503_140323.png",
        "frames": [
          "passthrough_20260503_140308.png",
          "passthrough_20260503_140321.png",
          "passthrough_20260503_140323.png",
          "passthrough_20260503_140326.png"
        ]
      }
    },
    {
      "id": "obj_0003",
      "label": null,
      "score": 0.7691361904144287,
      "center_xyz": [
        1.2805970907211304,
        1.774856448173523,
        -0.05787867680191994
      ],
      "dims_lhw": [
        0.05432553216814995,
        0.5674144625663757,
        0.4215914309024811
      ],
      "R_3x3": [
        [
          0.9207504987716675,
          0.03900099918246269,
          0.3881984055042267
        ],
        [
          -0.026589754968881607,
          0.9989510178565979,
          -0.03729433938860893
        ],
        [
          -0.3892451822757721,
          0.02401600033044815,
          0.9208207130432129
        ]
      ],
      "evidence": {
        "n_frames": 2,
        "best_frame": "passthrough_20260503_140315.png",
        "frames": [
          "passthrough_20260503_140312.png",
          "passthrough_20260503_140315.png"
        ]
      }
    },
    {
      "id": "obj_0004",
      "label": null,
      "score": 0.768220067024231,
      "center_xyz": [
        -1.8915798664093018,
        2.2455501556396484,
        0.6515530347824097
      ],
      "dims_lhw": [
        1.377689003944397,
        0.6757832169532776,
        0.10374660044908524
      ],
      "R_3x3": [
        [
          0.3145647346973419,
          -0.04334399849176407,
          -0.9482464790344238
        ],
        [
          -0.13720163702964783,
          0.986391007900238,
          -0.09060116857290268
        ],
        [
          0.9392678737640381,
          0.15860100090503693,
          0.3043368458747864
        ]
      ],
      "evidence": {
        "n_frames": 4,
        "best_frame": "passthrough_20260503_140323.png",
        "frames": [
          "passthrough_20260503_140300.png",
          "passthrough_20260503_140304.png",
          "passthrough_20260503_140323.png",
          "passthrough_20260503_140326.png"
        ]
      }
    },
    {
      "id": "obj_0005",
      "label": null,
      "score": 0.7558963298797607,
      "center_xyz": [
        -1.40480637550354,
        1.4890944957733154,
        -1.2907825708389282
      ],
      "dims_lhw": [
        0.09765320271253586,
        0.3629455864429474,
        0.6154186129570007
      ],
      "R_3x3": [
        [
          0.4156046211719513,
          -0.25262001156806946,
          -0.8737602233886719
        ],
        [
          -0.13931506872177124,
          0.9316390156745911,
          -0.33561888337135315
        ],
        [
          0.8988122344017029,
          0.2612130045890808,
          0.35199880599975586
        ]
      ],
      "evidence": {
        "n_frames": 2,
        "best_frame": "passthrough_20260503_140304.png",
        "frames": [
          "passthrough_20260503_140304.png",
          "passthrough_20260503_140323.png"
        ]
      }
    },
    {
      "id": "obj_0006",
      "label": null,
      "score": 0.7481527328491211,
      "center_xyz": [
        1.4760619401931763,
        1.8665518760681152,
        0.5097427368164062
      ],
      "dims_lhw": [
        0.05298677831888199,
        0.5672389268875122,
        0.4067925810813904
      ],
      "R_3x3": [
        [
          0.934039294719696,
          0.03900099918246269,
          0.35503533482551575
        ],
        [
          -0.027905955910682678,
          0.9989510178565979,
          -0.03631997108459473
        ],
        [
          -0.3560788929462433,
          0.02401600033044815,
          0.9341468811035156
        ]
      ],
      "evidence": {
        "n_frames": 2,
        "best_frame": "passthrough_20260503_140315.png",
        "frames": [
          "passthrough_20260503_140312.png",
          "passthrough_20260503_140315.png"
        ]
      }
    },
    {
      "id": "obj_0007",
      "label": null,
      "score": 0.7415900230407715,
      "center_xyz": [
        1.1009596586227417,
        1.6564944982528687,
        -0.6743096113204956
      ],
      "dims_lhw": [
        0.04746954143047333,
        0.5774554014205933,
        0.4830189049243927
      ],
      "R_3x3": [
        [
          0.9450527429580688,
          0.12172500044107437,
          0.3034122586250305
        ],
        [
          0.023917295038700104,
          0.8998669981956482,
          -0.43550905585289
        ],
        [
          -0.3260428309440613,
          0.41883599758148193,
          0.8475099802017212
        ]
      ],
      "evidence": {
        "n_frames": 2,
        "best_frame": "passthrough_20260503_140312.png",
        "frames": [
          "passthrough_20260503_140312.png",
          "passthrough_20260503_140315.png"
        ]
      }
    },
    {
      "id": "obj_0008",
      "label": null,
      "score": 0.7379813194274902,
      "center_xyz": [
        -2.158405065536499,
        2.4166548252105713,
        -0.4825246334075928
      ],
      "dims_lhw": [
        0.4512329697608948,
        0.1809515506029129,
        0.13135004043579102
      ],
      "R_3x3": [
        [
          0.25784313678741455,
          -0.04334399849176407,
          -0.9652146697044373
        ],
        [
          -0.14232748746871948,
          0.986391007900238,
          -0.08231496810913086
        ],
        [
          0.9556459784507751,
          0.15860100090503693,
          0.2481650710105896
        ]
      ],
      "evidence": {
        "n_frames": 3,
        "best_frame": "passthrough_20260503_140323.png",
        "frames": [
          "passthrough_20260503_140304.png",
          "passthrough_20260503_140323.png",
          "passthrough_20260503_140326.png"
        ]
      }
    },
    {
      "id": "obj_0009",
      "label": null,
      "score": 0.7338290810585022,
      "center_xyz": [
        1.2162096500396729,
        2.1743876934051514,
        1.4488246440887451
      ],
      "dims_lhw": [
        0.5397862792015076,
        0.7076321244239807,
        0.1071554645895958
      ],
      "R_3x3": [
        [
          0.9295830726623535,
          0.03900099918246269,
          0.3665444552898407
        ],
        [
          -0.027455242350697517,
          0.9989510178565979,
          -0.036661867052316666
        ],
        [
          -0.3675892651081085,
          0.02401600033044815,
          0.9296777248382568
        ]
      ],
      "evidence": {
        "n_frames": 4,
        "best_frame": "passthrough_20260503_140315.png",
        "frames": [
          "passthrough_20260503_140312.png",
          "passthrough_20260503_140315.png",
          "passthrough_20260503_140317.png",
          "passthrough_20260503_140328.png"
        ]
      }
    },
    {
      "id": "obj_0010",
      "label": null,
      "score": 0.7247765064239502,
      "center_xyz": [
        -0.7693490982055664,
        0.44407856464385986,
        0.4673287570476532
      ],
      "dims_lhw": [
        0.5601769685745239,
        0.23750200867652893,
        0.5685005187988281
      ],
      "R_3x3": [
        [
          0.4978068172931671,
          -0.546684980392456,
          -0.6732930541038513
        ],
        [
          -0.050348252058029175,
          0.7567949891090393,
          -0.6517108678817749
        ],
        [
          0.865825891494751,
          0.3583250045776367,
          0.3492123782634735
        ]
      ],
      "evidence": {
        "n_frames": 2,
        "best_frame": "passthrough_20260503_140321.png",
        "frames": [
          "passthrough_20260503_140308.png",
          "passthrough_20260503_140321.png"
        ]
      }
    },
    {
      "id": "obj_0011",
      "label": null,
      "score": 0.6895214319229126,
      "center_xyz": [
        -0.5050643682479858,
        1.5591143369674683,
        -1.6713420152664185
      ],
      "dims_lhw": [
        0.04092096909880638,
        0.3472971022129059,
        0.35973644256591797
      ],
      "R_3x3": [
        [
          0.5232970118522644,
          -0.5641679763793945,
          -0.6386505365371704
        ],
        [
          -0.11910171806812286,
          0.6936789751052856,
          -0.7103697657585144
        ],
        [
          0.8437860012054443,
          0.4477989971637726,
          0.2958067059516907
        ]
      ],
      "evidence": {
        "n_frames": 2,
        "best_frame": "passthrough_20260503_140308.png",
        "frames": [
          "passthrough_20260503_140304.png",
          "passthrough_20260503_140308.png"
        ]
      }
    },
    {
      "id": "obj_0012",
      "label": null,
      "score": 0.6886966228485107,
      "center_xyz": [
        -2.21450138092041,
        1.473738431930542,
        -0.5352526307106018
      ],
      "dims_lhw": [
        0.6435494422912598,
        0.1788027286529541,
        0.13085855543613434
      ],
      "R_3x3": [
        [
          0.4338202178478241,
          -0.546684980392456,
          -0.7161949276924133
        ],
        [
          -0.11003134399652481,
          0.7567949891090393,
          -0.644325315952301
        ],
        [
          0.8942562341690063,
          0.3583250045776367,
          0.26815974712371826
        ]
      ],
      "evidence": {
        "n_frames": 3,
        "best_frame": "passthrough_20260503_140321.png",
        "frames": [
          "passthrough_20260503_140300.png",
          "passthrough_20260503_140321.png",
          "passthrough_20260503_140326.png"
        ]
      }
    },
    {
      "id": "obj_0013",
      "label": null,
      "score": 0.6797706484794617,
      "center_xyz": [
        -1.1205918788909912,
        0.8735037446022034,
        -1.039947509765625
      ],
      "dims_lhw": [
        0.27650269865989685,
        0.25232577323913574,
        0.5523173213005066
      ],
      "R_3x3": [
        [
          0.6149098873138428,
          -0.546684980392456,
          -0.568349301815033
        ],
        [
          0.07238545268774033,
          0.7567949891090393,
          -0.649632453918457
        ],
        [
          0.7852689623832703,
          0.3583250045776367,
          0.5049322247505188
        ]
      ],
      "evidence": {
        "n_frames": 3,
        "best_frame": "passthrough_20260503_140321.png",
        "frames": [
          "passthrough_20260503_140304.png",
          "passthrough_20260503_140308.png",
          "passthrough_20260503_140321.png"
        ]
      }
    },
    {
      "id": "obj_0014",
      "label": null,
      "score": 0.6673663854598999,
      "center_xyz": [
        -1.3361461162567139,
        0.7660538554191589,
        0.7327682375907898
      ],
      "dims_lhw": [
        0.36386117339134216,
        0.4661818742752075,
        0.34012487530708313
      ],
      "R_3x3": [
        [
          0.3934430181980133,
          -0.546684980392456,
          -0.7391466498374939
        ],
        [
          -0.14558708667755127,
          0.7567949891090393,
          -0.6372334361076355
        ],
        [
          0.9077489376068115,
          0.3583250045776367,
          0.21816468238830566
        ]
      ],
      "evidence": {
        "n_frames": 3,
        "best_frame": "passthrough_20260503_140321.png",
        "frames": [
          "passthrough_20260503_140304.png",
          "passthrough_20260503_140321.png",
          "passthrough_20260503_140326.png"
        ]
      }
    },
    {
      "id": "obj_0015",
      "label": null,
      "score": 0.6475794315338135,
      "center_xyz": [
        -1.5447595119476318,
        1.2348042726516724,
        0.529509961605072
      ],
      "dims_lhw": [
        0.42440035939216614,
        0.15325424075126648,
        0.28801605105400085
      ],
      "R_3x3": [
        [
          0.4681655466556549,
          -0.546684980392456,
          -0.6942306160926819
        ],
        [
          -0.07853954285383224,
          0.7567949891090393,
          -0.6489171981811523
        ],
        [
          0.8801441192626953,
          0.3583250045776367,
          0.31136825680732727
        ]
      ],
      "evidence": {
        "n_frames": 3,
        "best_frame": "passthrough_20260503_140321.png",
        "frames": [
          "passthrough_20260503_140321.png",
          "passthrough_20260503_140323.png",
          "passthrough_20260503_140326.png"
        ]
      }
    },
    {
      "id": "obj_0016",
      "label": null,
      "score": 0.6156541705131531,
      "center_xyz": [
        -0.3848159611225128,
        1.8142789602279663,
        1.8711649179458618
      ],
      "dims_lhw": [
        1.3809583187103271,
        2.2140753269195557,
        0.6899929046630859
      ],
      "R_3x3": [
        [
          0.9156553149223328,
          0.11305800080299377,
          0.3857375979423523
        ],
        [
          -0.03876037150621414,
          0.9799929857254028,
          -0.19522368907928467
        ],
        [
          -0.40009114146232605,
          0.1638070046901703,
          0.901718020439148
        ]
      ],
      "evidence": {
        "n_frames": 3,
        "best_frame": "passthrough_20260503_140328.png",
        "frames": [
          "passthrough_20260503_140315.png",
          "passthrough_20260503_140326.png",
          "passthrough_20260503_140328.png"
        ]
      }
    },
    {
      "id": "obj_0017",
      "label": null,
      "score": 0.5951802134513855,
      "center_xyz": [
        -1.0459237098693848,
        0.9097923040390015,
        -0.21392516791820526
      ],
      "dims_lhw": [
        0.5283013582229614,
        0.8573052883148193,
        0.6433522701263428
      ],
      "R_3x3": [
        [
          0.6417745351791382,
          -0.5641679763793945,
          -0.5194610357284546
        ],
        [
          0.02720499597489834,
          0.6936789751052856,
          -0.7197709679603577
        ],
        [
          0.7664106488227844,
          0.4477989971637726,
          0.4605335593223572
        ]
      ],
      "evidence": {
        "n_frames": 3,
        "best_frame": "passthrough_20260503_140308.png",
        "frames": [
          "passthrough_20260503_140304.png",
          "passthrough_20260503_140308.png",
          "passthrough_20260503_140326.png"
        ]
      }
    }
  ]
}