{
  "room_id": "teste",
  "world_frame": {
    "anchor_uuid": null,
    "units": "meters",
    "convention": "unity_left_handed_y_up"
  },
  "created_at": "2026-05-03T17:55:31Z",
  "n_captures_used": 50,
  "n_captures_skipped": 0,
  "skipped_reasons": {},
  "objects": [
    {
      "id": "obj_0000",
      "label": null,
      "score": 0.8746431469917297,
      "center_xyz": [
        -1.6400107145309448,
        0.8378568291664124,
        0.09840237349271774
      ],
      "dims_lhw": [
        0.4057851731777191,
        0.07160639762878418,
        0.3583316206932068
      ],
      "R_3x3": [
        [
          0.31054621934890747,
          -0.5296710133552551,
          -0.7893099188804626
        ],
        [
          -0.20863750576972961,
          0.772134006023407,
          -0.600232720375061
        ],
        [
          0.9273789525032043,
          0.35107898712158203,
          0.12927444279193878
        ]
      ],
      "evidence": {
        "n_frames": 8,
        "best_frame": "passthrough_20260503_140449.png",
        "frames": [
          "passthrough_20260503_140304.png",
          "passthrough_20260503_140321.png",
          "passthrough_20260503_140323.png",
          "passthrough_20260503_140326.png",
          "passthrough_20260503_140412.png",
          "passthrough_20260503_140445.png",
          "passthrough_20260503_140449.png",
          "passthrough_20260503_140450.png"
        ]
      }
    },
    {
      "id": "obj_0001",
      "label": null,
      "score": 0.8723625540733337,
      "center_xyz": [
        1.2673519849777222,
        0.8620697259902954,
        0.27993375062942505
      ],
      "dims_lhw": [
        0.17000927031040192,
        0.12755772471427917,
        0.23115277290344238
      ],
      "R_3x3": [
        [
          0.13945478200912476,
          0.6553710103034973,
          0.7423221468925476
        ],
        [
          0.47060152888298035,
          0.6157159805297852,
          -0.6320034265518188
        ],
        [
          -0.8712562918663025,
          0.43747299909591675,
          -0.22255390882492065
        ]
      ],
      "evidence": {
        "n_frames": 9,
        "best_frame": "passthrough_20260503_140336.png",
        "frames": [
          "passthrough_20260503_140312.png",
          "passthrough_20260503_140315.png",
          "passthrough_20260503_140336.png",
          "passthrough_20260503_140421.png",
          "passthrough_20260503_140423.png",
          "passthrough_20260503_140426.png",
          "passthrough_20260503_140432.png",
          "passthrough_20260503_140459.png",
          "passthrough_20260503_140505.png"
        ]
      }
    },
    {
      "id": "obj_0002",
      "label": null,
      "score": 0.870377779006958,
      "center_xyz": [
        -2.128620147705078,
        2.6649811267852783,
        -0.6021376252174377
      ],
      "dims_lhw": [
        0.5141918659210205,
        0.13626918196678162,
        0.26845887303352356
      ],
      "R_3x3": [
        [
          0.32461708784103394,
          0.19788900017738342,
          -0.9249135255813599
        ],
        [
          -0.22843140363693237,
          0.9653249979019165,
          0.1263628602027893
        ],
        [
          0.9178475141525269,
          0.1702599972486496,
          0.3585653603076935
        ]
      ],
      "evidence": {
        "n_frames": 7,
        "best_frame": "passthrough_20260503_140446.png",
        "frames": [
          "passthrough_20260503_140323.png",
          "passthrough_20260503_140326.png",
          "passthrough_20260503_140405.png",
          "passthrough_20260503_140406.png",
          "passthrough_20260503_140409.png",
          "passthrough_20260503_140442.png",
          "passthrough_20260503_140446.png"
        ]
      }
    },
    {
      "id": "obj_0003",
      "label": null,
      "score": 0.8681738972663879,
      "center_xyz": [
        1.0993292331695557,
        0.9191250801086426,
        -0.5248100161552429
      ],
      "dims_lhw": [
        0.47504696249961853,
        0.27580031752586365,
        0.44813206791877747
      ],
      "R_3x3": [
        [
          0.07605389505624771,
          0.7533789873123169,
          0.653174102306366
        ],
        [
          0.20175126194953918,
          0.6298949718475342,
          -0.7500193119049072
        ],
        [
          -0.9764801859855652,
          0.1888210028409958,
          -0.10408901423215866
        ]
      ],
      "evidence": {
        "n_frames": 3,
        "best_frame": "passthrough_20260503_140426.png",
        "frames": [
          "passthrough_20260503_140312.png",
          "passthrough_20260503_140336.png",
          "passthrough_20260503_140426.png"
        ]
      }
    },
    {
      "id": "obj_0004",
      "label": null,
      "score": 0.848556399345398,
      "center_xyz": [
        0.8489031791687012,
        1.0606156587600708,
        0.7780908942222595
      ],
      "dims_lhw": [
        0.4203903079032898,
        0.22478505969047546,
        0.345738023519516
      ],
      "R_3x3": [
        [
          0.9374489784240723,
          0.09336099773645401,
          0.33537134528160095
        ],
        [
          -0.051801931113004684,
          0.9900529980659485,
          -0.13081373274326324
        ],
        [
          -0.34424835443496704,
          0.10525800287723541,
          0.932960033416748
        ]
      ],
      "evidence": {
        "n_frames": 11,
        "best_frame": "passthrough_20260503_140430.png",
        "frames": [
          "passthrough_20260503_140312.png",
          "passthrough_20260503_140315.png",
          "passthrough_20260503_140328.png",
          "passthrough_20260503_140336.png",
          "passthrough_20260503_140417.png",
          "passthrough_20260503_140421.png",
          "passthrough_20260503_140430.png",
          "passthrough_20260503_140432.png",
          "passthrough_20260503_140456.png",
          "passthrough_20260503_140457.png",
          "passthrough_20260503_140459.png"
        ]
      }
    },
    {
      "id": "obj_0005",
      "label": null,
      "score": 0.8358674645423889,
      "center_xyz": [
        -2.224538564682007,
        1.7568210363388062,
        -0.6082632541656494
      ],
      "dims_lhw": [
        0.28455787897109985,
        0.2536202371120453,
        0.1391039937734604
      ],
      "R_3x3": [
        [
          0.3126369118690491,
          0.19788900017738342,
          -0.9290314316749573
        ],
        [
          -0.2267792820930481,
          0.9653249979019165,
          0.1293044239282608
        ],
        [
          0.9224047660827637,
          0.1702599972486496,
          0.3466736376285553
        ]
      ],
      "evidence": {
        "n_frames": 8,
        "best_frame": "passthrough_20260503_140446.png",
        "frames": [
          "passthrough_20260503_140300.png",
          "passthrough_20260503_140304.png",
          "passthrough_20260503_140323.png",
          "passthrough_20260503_140326.png",
          "passthrough_20260503_140405.png",
          "passthrough_20260503_140409.png",
          "passthrough_20260503_140445.png",
          "passthrough_20260503_140446.png"
        ]
      }
    },
    {
      "id": "obj_0006",
      "label": null,
      "score": 0.8131646513938904,
      "center_xyz": [
        -0.9529057741165161,
        0.8325505256652832,
        -1.234406590461731
      ],
      "dims_lhw": [
        0.23397138714790344,
        0.13598096370697021,
        0.27014631032943726
      ],
      "R_3x3": [
        [
          -0.962069034576416,
          -0.1544339954853058,
          -0.22488318383693695
        ],
        [
          -0.024213779717683792,
          0.8694260120391846,
          -0.4934700131416321
        ],
        [
          0.2717283368110657,
          -0.469307005405426,
          -0.8401875495910645
        ]
      ],
      "evidence": {
        "n_frames": 8,
        "best_frame": "passthrough_20260503_140439.png",
        "frames": [
          "passthrough_20260503_140304.png",
          "passthrough_20260503_140308.png",
          "passthrough_20260503_140321.png",
          "passthrough_20260503_140340.png",
          "passthrough_20260503_140359.png",
          "passthrough_20260503_140401.png",
          "passthrough_20260503_140439.png",
          "passthrough_20260503_140443.png"
        ]
      }
    },
    {
      "id": "obj_0007",
      "label": null,
      "score": 0.8017828464508057,
      "center_xyz": [
        -0.4194380044937134,
        1.727807641029358,
        -2.0208446979522705
      ],
      "dims_lhw": [
        0.29725998640060425,
        0.39023464918136597,
        0.06805215030908585
      ],
      "R_3x3": [
        [
          -0.9248098134994507,
          -0.17301900684833527,
          -0.3388102650642395
        ],
        [
          -0.1976018100976944,
          0.9794989824295044,
          0.039172593504190445
        ],
        [
          0.32508715987205505,
          0.10317700356245041,
          -0.940039336681366
        ]
      ],
      "evidence": {
        "n_frames": 4,
        "best_frame": "passthrough_20260503_140441.png",
        "frames": [
          "passthrough_20260503_140355.png",
          "passthrough_20260503_140439.png",
          "passthrough_20260503_140441.png",
          "passthrough_20260503_140443.png"
        ]
      }
    },
    {
      "id": "obj_0008",
      "label": null,
      "score": 0.7995652556419373,
      "center_xyz": [
        -1.2621463537216187,
        1.465572476387024,
        -1.4266809225082397
      ],
      "dims_lhw": [
        0.32882556319236755,
        0.3365135192871094,
        0.28341197967529297
      ],
      "R_3x3": [
        [
          -0.917630136013031,
          -0.24509300291538239,
          -0.3128677010536194
        ],
        [
          -0.1527838408946991,
          0.9442600011825562,
          -0.2916008532047272
        ],
        [
          0.36689695715904236,
          -0.21977999806404114,
          -0.9039271473884583
        ]
      ],
      "evidence": {
        "n_frames": 4,
        "best_frame": "passthrough_20260503_140355.png",
        "frames": [
          "passthrough_20260503_140323.png",
          "passthrough_20260503_140355.png",
          "passthrough_20260503_140405.png",
          "passthrough_20260503_140443.png"
        ]
      }
    },
    {
      "id": "obj_0009",
      "label": null,
      "score": 0.7980932593345642,
      "center_xyz": [
        -1.6774591207504272,
        0.9537097215652466,
        -0.7583602070808411
      ],
      "dims_lhw": [
        0.20214298367500305,
        0.21056397259235382,
        0.2836410105228424
      ],
      "R_3x3": [
        [
          0.3745547831058502,
          -0.8468199968338013,
          -0.3776300251483917
        ],
        [
          0.6051204800605774,
          0.5318379998207092,
          -0.5924331545829773
        ],
        [
          0.7025231719017029,
          -0.006612999830394983,
          0.7116305828094482
        ]
      ],
      "evidence": {
        "n_frames": 5,
        "best_frame": "passthrough_20260503_140401.png",
        "frames": [
          "passthrough_20260503_140321.png",
          "passthrough_20260503_140326.png",
          "passthrough_20260503_140401.png",
          "passthrough_20260503_140443.png",
          "passthrough_20260503_140445.png"
        ]
      }
    },
    {
      "id": "obj_0010",
      "label": null,
      "score": 0.7956899404525757,
      "center_xyz": [
        1.5328139066696167,
        2.3969228267669678,
        -0.725902795791626
      ],
      "dims_lhw": [
        0.41292721033096313,
        0.34120601415634155,
        0.06292330473661423
      ],
      "R_3x3": [
        [
          -0.3654802143573761,
          0.05396199971437454,
          0.929253339767456
        ],
        [
          0.002918265527114272,
          0.9983800053596497,
          -0.05682823434472084
        ],
        [
          -0.9308151602745056,
          -0.01805800013244152,
          -0.36504554748535156
        ]
      ],
      "evidence": {
        "n_frames": 2,
        "best_frame": "passthrough_20260503_140332.png",
        "frames": [
          "passthrough_20260503_140332.png",
          "passthrough_20260503_140428.png"
        ]
      }
    },
    {
      "id": "obj_0011",
      "label": null,
      "score": 0.7887268662452698,
      "center_xyz": [
        0.6247230172157288,
        0.7959374189376831,
        0.34148332476615906
      ],
      "dims_lhw": [
        0.2329888641834259,
        0.08799318969249725,
        0.2537517547607422
      ],
      "R_3x3": [
        [
          -0.10634687542915344,
          0.5446550250053406,
          0.8318895697593689
        ],
        [
          0.3146175742149353,
          0.8120819926261902,
          -0.4914664924144745
        ],
        [
          -0.9432420134544373,
          0.2094620019197464,
          -0.25772035121917725
        ]
      ],
      "evidence": {
        "n_frames": 2,
        "best_frame": "passthrough_20260503_140459.png",
        "frames": [
          "passthrough_20260503_140459.png",
          "passthrough_20260503_140505.png"
        ]
      }
    },
    {
      "id": "obj_0012",
      "label": null,
      "score": 0.784361720085144,
      "center_xyz": [
        -2.218404531478882,
        1.4151215553283691,
        -0.5664624571800232
      ],
      "dims_lhw": [
        0.5895064473152161,
        0.1765626072883606,
        0.11302514374256134
      ],
      "R_3x3": [
        [
          0.36975449323654175,
          -0.0974079966545105,
          -0.9240097999572754
        ],
        [
          -0.02420661598443985,
          0.9931420087814331,
          -0.1143823191523552
        ],
        [
          0.9288144707679749,
          0.06465999782085419,
          0.36486056447029114
        ]
      ],
      "evidence": {
        "n_frames": 6,
        "best_frame": "passthrough_20260503_140405.png",
        "frames": [
          "passthrough_20260503_140300.png",
          "passthrough_20260503_140321.png",
          "passthrough_20260503_140326.png",
          "passthrough_20260503_140405.png",
          "passthrough_20260503_140410.png",
          "passthrough_20260503_140445.png"
        ]
      }
    },
    {
      "id": "obj_0013",
      "label": null,
      "score": 0.784103274345398,
      "center_xyz": [
        -1.7096302509307861,
        2.1990864276885986,
        0.8729193210601807
      ],
      "dims_lhw": [
        0.950208306312561,
        0.7757278084754944,
        0.10697980970144272
      ],
      "R_3x3": [
        [
          0.31541451811790466,
          0.13194100558757782,
          -0.939736545085907
        ],
        [
          -0.0970325917005539,
          0.9895809888839722,
          0.1063709557056427
        ],
        [
          0.9439796805381775,
          0.05763399973511696,
          0.32493099570274353
        ]
      ],
      "evidence": {
        "n_frames": 8,
        "best_frame": "passthrough_20260503_140448.png",
        "frames": [
          "passthrough_20260503_140300.png",
          "passthrough_20260503_140304.png",
          "passthrough_20260503_140323.png",
          "passthrough_20260503_140326.png",
          "passthrough_20260503_140409.png",
          "passthrough_20260503_140435.png",
          "passthrough_20260503_140448.png",
          "passthrough_20260503_140453.png"
        ]
      }
    },
    {
      "id": "obj_0014",
      "label": null,
      "score": 0.7793079614639282,
      "center_xyz": [
        1.6793034076690674,
        2.421283721923828,
        -0.24154214560985565
      ],
      "dims_lhw": [
        0.23028330504894257,
        0.33103564381599426,
        0.07813865691423416
      ],
      "R_3x3": [
        [
          -0.31990399956703186,
          -0.05051799863576889,
          0.9461023807525635
        ],
        [
          -0.14092490077018738,
          0.9900069832801819,
          0.005211944691836834
        ],
        [
          -0.9369106888771057,
          -0.13166199624538422,
          -0.3238257169723511
        ]
      ],
      "evidence": {
        "n_frames": 2,
        "best_frame": "passthrough_20260503_140428.png",
        "frames": [
          "passthrough_20260503_140428.png",
          "passthrough_20260503_140500.png"
        ]
      }
    },
    {
      "id": "obj_0015",
      "label": null,
      "score": 0.7725866436958313,
      "center_xyz": [
        -1.8025528192520142,
        1.1257824897766113,
        -0.4466845691204071
      ],
      "dims_lhw": [
        0.1862049102783203,
        0.1862379014492035,
        0.18434448540210724
      ],
      "R_3x3": [
        [
          0.17010264098644257,
          -0.04334399849176407,
          -0.9844731688499451
        ],
        [
          -0.1491459161043167,
          0.986391007900238,
          -0.06919798254966736
        ],
        [
          0.9740738868713379,
          0.15860100090503693,
          0.1613231599330902
        ]
      ],
      "evidence": {
        "n_frames": 4,
        "best_frame": "passthrough_20260503_140323.png",
        "frames": [
          "passthrough_20260503_140308.png",
          "passthrough_20260503_140321.png",
          "passthrough_20260503_140323.png",
          "passthrough_20260503_140326.png"
        ]
      }
    },
    {
      "id": "obj_0016",
      "label": null,
      "score": 0.7691361904144287,
      "center_xyz": [
        1.3698723316192627,
        1.6622666120529175,
        -0.08593791723251343
      ],
      "dims_lhw": [
        0.20057500898838043,
        0.49940577149391174,
        0.2837735116481781
      ],
      "R_3x3": [
        [
          0.9207504987716675,
          0.03900099918246269,
          0.3881984055042267
        ],
        [
          -0.026589754968881607,
          0.9989510178565979,
          -0.03729433938860893
        ],
        [
          -0.3892451822757721,
          0.02401600033044815,
          0.9208207130432129
        ]
      ],
      "evidence": {
        "n_frames": 4,
        "best_frame": "passthrough_20260503_140315.png",
        "frames": [
          "passthrough_20260503_140312.png",
          "passthrough_20260503_140315.png",
          "passthrough_20260503_140330.png",
          "passthrough_20260503_140421.png"
        ]
      }
    },
    {
      "id": "obj_0017",
      "label": null,
      "score": 0.7567704319953918,
      "center_xyz": [
        -0.6690150499343872,
        0.8717489838600159,
        -1.4790109395980835
      ],
      "dims_lhw": [
        0.24078983068466187,
        0.20190918445587158,
        0.1625053435564041
      ],
      "R_3x3": [
        [
          -0.8683271408081055,
          -0.4774320125579834,
          -0.13441331684589386
        ],
        [
          -0.16016995906829834,
          0.5263950228691101,
          -0.8350173830986023
        ],
        [
          0.46941936016082764,
          -0.7035390138626099,
          -0.5335528254508972
        ]
      ],
      "evidence": {
        "n_frames": 3,
        "best_frame": "passthrough_20260503_140359.png",
        "frames": [
          "passthrough_20260503_140340.png",
          "passthrough_20260503_140359.png",
          "passthrough_20260503_140439.png"
        ]
      }
    },
    {
      "id": "obj_0018",
      "label": null,
      "score": 0.7505856156349182,
      "center_xyz": [
        -2.212768793106079,
        1.6336517333984375,
        -0.43773916363716125
      ],
      "dims_lhw": [
        0.392057329416275,
        0.18848061561584473,
        0.11623860895633698
      ],
      "R_3x3": [
        [
          0.2050817310810089,
          0.015150000341236591,
          -0.9786281585693359
        ],
        [
          -0.0770212784409523,
          0.9970290064811707,
          -0.0007055418100208044
        ],
        [
          0.9757091999053955,
          0.07552000135183334,
          0.20563940703868866
        ]
      ],
      "evidence": {
        "n_frames": 3,
        "best_frame": "passthrough_20260503_140409.png",
        "frames": [
          "passthrough_20260503_140326.png",
          "passthrough_20260503_140409.png",
          "passthrough_20260503_140410.png"
        ]
      }
    },
    {
      "id": "obj_0019",
      "label": null,
      "score": 0.7481527328491211,
      "center_xyz": [
        1.8032761812210083,
        1.7029097080230713,
        0.397795706987381
      ],
      "dims_lhw": [
        0.5010346174240112,
        0.7524064183235168,
        0.09283380955457687
      ],
      "R_3x3": [
        [
          0.934039294719696,
          0.03900099918246269,
          0.35503533482551575
        ],
        [
          -0.027905955910682678,
          0.9989510178565979,
          -0.03631997108459473
        ],
        [
          -0.3560788929462433,
          0.02401600033044815,
          0.9341468811035156
        ]
      ],
      "evidence": {
        "n_frames": 6,
        "best_frame": "passthrough_20260503_140315.png",
        "frames": [
          "passthrough_20260503_140315.png",
          "passthrough_20260503_140330.png",
          "passthrough_20260503_140332.png",
          "passthrough_20260503_140428.png",
          "passthrough_20260503_140430.png",
          "passthrough_20260503_140500.png"
        ]
      }
    },
    {
      "id": "obj_0020",
      "label": null,
      "score": 0.7415900230407715,
      "center_xyz": [
        1.4026285409927368,
        1.6464159488677979,
        -0.71865314245224
      ],
      "dims_lhw": [
        0.36435389518737793,
        0.6054636240005493,
        0.13406682014465332
      ],
      "R_3x3": [
        [
          0.9450527429580688,
          0.12172500044107437,
          0.3034122586250305
        ],
        [
          0.023917295038700104,
          0.8998669981956482,
          -0.43550905585289
        ],
        [
          -0.3260428309440613,
          0.41883599758148193,
          0.8475099802017212
        ]
      ],
      "evidence": {
        "n_frames": 6,
        "best_frame": "passthrough_20260503_140312.png",
        "frames": [
          "passthrough_20260503_140312.png",
          "passthrough_20260503_140315.png",
          "passthrough_20260503_140330.png",
          "passthrough_20260503_140332.png",
          "passthrough_20260503_140423.png",
          "passthrough_20260503_140428.png"
        ]
      }
    },
    {
      "id": "obj_0021",
      "label": null,
      "score": 0.7401291131973267,
      "center_xyz": [
        -1.1234327554702759,
        0.9671148657798767,
        -0.2765110731124878
      ],
      "dims_lhw": [
        0.48612019419670105,
        0.6863459348678589,
        0.4998612701892853
      ],
      "R_3x3": [
        [
          0.7436044812202454,
          -0.1842619925737381,
          -0.6427279114723206
        ],
        [
          -0.4060470461845398,
          0.6392639875411987,
          -0.6530449986457825
        ],
        [
          0.5312037467956543,
          0.7465850114822388,
          0.4005407392978668
        ]
      ],
      "evidence": {
        "n_frames": 9,
        "best_frame": "passthrough_20260503_140338.png",
        "frames": [
          "passthrough_20260503_140304.png",
          "passthrough_20260503_140308.png",
          "passthrough_20260503_140321.png",
          "passthrough_20260503_140326.png",
          "passthrough_20260503_140338.png",
          "passthrough_20260503_140340.png",
          "passthrough_20260503_140412.png",
          "passthrough_20260503_140445.png",
          "passthrough_20260503_140450.png"
        ]
      }
    },
    {
      "id": "obj_0022",
      "label": null,
      "score": 0.737034022808075,
      "center_xyz": [
        1.7214770317077637,
        1.701837420463562,
        -0.18671400845050812
      ],
      "dims_lhw": [
        0.407144159078598,
        0.6970322132110596,
        0.0874883309006691
      ],
      "R_3x3": [
        [
          -0.3521971106529236,
          -0.05051799863576889,
          0.9345616698265076
        ],
        [
          -0.1410207748413086,
          0.9900069832801819,
          0.0003706149582285434
        ],
        [
          -0.9252408146858215,
          -0.13166199624538422,
          -0.35580095648765564
        ]
      ],
      "evidence": {
        "n_frames": 2,
        "best_frame": "passthrough_20260503_140428.png",
        "frames": [
          "passthrough_20260503_140428.png",
          "passthrough_20260503_140500.png"
        ]
      }
    },
    {
      "id": "obj_0023",
      "label": null,
      "score": 0.7358216643333435,
      "center_xyz": [
        -0.7836906313896179,
        0.6190919876098633,
        0.5634428858757019
      ],
      "dims_lhw": [
        0.2410632073879242,
        0.3657374083995819,
        0.2746148407459259
      ],
      "R_3x3": [
        [
          0.47737643122673035,
          -0.7394459843635559,
          -0.4746904969215393
        ],
        [
          -0.21021050214767456,
          0.4284290075302124,
          -0.8787830471992493
        ],
        [
          0.853183925151825,
          0.5192959904670715,
          0.0490829199552536
        ]
      ],
      "evidence": {
        "n_frames": 5,
        "best_frame": "passthrough_20260503_140450.png",
        "frames": [
          "passthrough_20260503_140308.png",
          "passthrough_20260503_140321.png",
          "passthrough_20260503_140338.png",
          "passthrough_20260503_140417.png",
          "passthrough_20260503_140450.png"
        ]
      }
    },
    {
      "id": "obj_0024",
      "label": null,
      "score": 0.7338290810585022,
      "center_xyz": [
        1.3843899965286255,
        2.073197364807129,
        1.3458470106124878
      ],
      "dims_lhw": [
        0.57017582654953,
        0.8381192684173584,
        0.0867009088397026
      ],
      "R_3x3": [
        [
          0.9295830726623535,
          0.03900099918246269,
          0.3665444552898407
        ],
        [
          -0.027455242350697517,
          0.9989510178565979,
          -0.036661867052316666
        ],
        [
          -0.3675892651081085,
          0.02401600033044815,
          0.9296777248382568
        ]
      ],
      "evidence": {
        "n_frames": 8,
        "best_frame": "passthrough_20260503_140315.png",
        "frames": [
          "passthrough_20260503_140312.png",
          "passthrough_20260503_140315.png",
          "passthrough_20260503_140317.png",
          "passthrough_20260503_140328.png",
          "passthrough_20260503_140330.png",
          "passthrough_20260503_140428.png",
          "passthrough_20260503_140430.png",
          "passthrough_20260503_140500.png"
        ]
      }
    },
    {
      "id": "obj_0025",
      "label": null,
      "score": 0.721162736415863,
      "center_xyz": [
        1.311650276184082,
        2.318678379058838,
        -0.5943118333816528
      ],
      "dims_lhw": [
        0.17552995681762695,
        0.2925320267677307,
        0.272538423538208
      ],
      "R_3x3": [
        [
          0.9487078189849854,
          -0.060081999748945236,
          0.3103925287723541
        ],
        [
          -0.047651417553424835,
          0.943386971950531,
          0.3282548487186432
        ],
        [
          -0.31254228949546814,
          -0.32620900869369507,
          0.8921353816986084
        ]
      ],
      "evidence": {
        "n_frames": 2,
        "best_frame": "passthrough_20260503_140317.png",
        "frames": [
          "passthrough_20260503_140317.png",
          "passthrough_20260503_140330.png"
        ]
      }
    },
    {
      "id": "obj_0026",
      "label": null,
      "score": 0.7066686749458313,
      "center_xyz": [
        0.43731552362442017,
        1.074735164642334,
        0.4574567973613739
      ],
      "dims_lhw": [
        0.22336004674434662,
        0.09987649321556091,
        0.2395046204328537
      ],
      "R_3x3": [
        [
          0.8964088559150696,
          0.43468499183654785,
          0.08660608530044556
        ],
        [
          -0.12920737266540527,
          0.4431900084018707,
          -0.8870671987533569
        ],
        [
          -0.4239772856235504,
          0.7839850187301636,
          0.4534437656402588
        ]
      ],
      "evidence": {
        "n_frames": 7,
        "best_frame": "passthrough_20260503_140457.png",
        "frames": [
          "passthrough_20260503_140312.png",
          "passthrough_20260503_140315.png",
          "passthrough_20260503_140338.png",
          "passthrough_20260503_140417.png",
          "passthrough_20260503_140421.png",
          "passthrough_20260503_140432.png",
          "passthrough_20260503_140457.png"
        ]
      }
    },
    {
      "id": "obj_0027",
      "label": null,
      "score": 0.6895214319229126,
      "center_xyz": [
        -0.5050643682479858,
        1.5591143369674683,
        -1.6713420152664185
      ],
      "dims_lhw": [
        0.04092096909880638,
        0.3472971022129059,
        0.35973644256591797
      ],
      "R_3x3": [
        [
          0.5232970118522644,
          -0.5641679763793945,
          -0.6386505365371704
        ],
        [
          -0.11910171806812286,
          0.6936789751052856,
          -0.7103697657585144
        ],
        [
          0.8437860012054443,
          0.4477989971637726,
          0.2958067059516907
        ]
      ],
      "evidence": {
        "n_frames": 2,
        "best_frame": "passthrough_20260503_140308.png",
        "frames": [
          "passthrough_20260503_140304.png",
          "passthrough_20260503_140308.png"
        ]
      }
    },
    {
      "id": "obj_0028",
      "label": null,
      "score": 0.6841685175895691,
      "center_xyz": [
        1.5602233409881592,
        1.5549818277359009,
        0.40430909395217896
      ],
      "dims_lhw": [
        0.3739960193634033,
        0.284132719039917,
        0.05294835940003395
      ],
      "R_3x3": [
        [
          -0.13339896500110626,
          0.4344150125980377,
          0.8907797932624817
        ],
        [
          0.4929511547088623,
          0.8088250160217285,
          -0.32062575221061707
        ],
        [
          -0.8597702383995056,
          0.396340012550354,
          -0.32204124331474304
        ]
      ],
      "evidence": {
        "n_frames": 3,
        "best_frame": "passthrough_20260503_140421.png",
        "frames": [
          "passthrough_20260503_140421.png",
          "passthrough_20260503_140432.png",
          "passthrough_20260503_140459.png"
        ]
      }
    },
    {
      "id": "obj_0029",
      "label": null,
      "score": 0.6673663854598999,
      "center_xyz": [
        -1.1877425909042358,
        0.7248983383178711,
        0.7234765887260437
      ],
      "dims_lhw": [
        0.3096774220466614,
        0.37448734045028687,
        0.33881664276123047
      ],
      "R_3x3": [
        [
          0.3934430181980133,
          -0.546684980392456,
          -0.7391466498374939
        ],
        [
          -0.14558708667755127,
          0.7567949891090393,
          -0.6372334361076355
        ],
        [
          0.9077489376068115,
          0.3583250045776367,
          0.21816468238830566
        ]
      ],
      "evidence": {
        "n_frames": 6,
        "best_frame": "passthrough_20260503_140321.png",
        "frames": [
          "passthrough_20260503_140304.png",
          "passthrough_20260503_140321.png",
          "passthrough_20260503_140326.png",
          "passthrough_20260503_140410.png",
          "passthrough_20260503_140417.png",
          "passthrough_20260503_140451.png"
        ]
      }
    },
    {
      "id": "obj_0030",
      "label": null,
      "score": 0.6646422743797302,
      "center_xyz": [
        -1.4788085222244263,
        0.9172235131263733,
        -0.9626882672309875
      ],
      "dims_lhw": [
        0.36456209421157837,
        0.042984962463378906,
        0.35274699330329895
      ],
      "R_3x3": [
        [
          0.16012227535247803,
          -0.8468199968338013,
          -0.5072046518325806
        ],
        [
          0.2667718529701233,
          0.5318379998207092,
          -0.803729236125946
        ],
        [
          0.9503654837608337,
          -0.006612999830394983,
          0.3110664486885071
        ]
      ],
      "evidence": {
        "n_frames": 4,
        "best_frame": "passthrough_20260503_140401.png",
        "frames": [
          "passthrough_20260503_140321.png",
          "passthrough_20260503_140340.png",
          "passthrough_20260503_140401.png",
          "passthrough_20260503_140443.png"
        ]
      }
    },
    {
      "id": "obj_0031",
      "label": null,
      "score": 0.6475794315338135,
      "center_xyz": [
        -1.6928400993347168,
        1.2272088527679443,
        0.5841018557548523
      ],
      "dims_lhw": [
        0.3491072654724121,
        0.12744227051734924,
        0.23770146071910858
      ],
      "R_3x3": [
        [
          0.4681655466556549,
          -0.546684980392456,
          -0.6942306160926819
        ],
        [
          -0.07853954285383224,
          0.7567949891090393,
          -0.6489171981811523
        ],
        [
          0.8801441192626953,
          0.3583250045776367,
          0.31136825680732727
        ]
      ],
      "evidence": {
        "n_frames": 5,
        "best_frame": "passthrough_20260503_140321.png",
        "frames": [
          "passthrough_20260503_140300.png",
          "passthrough_20260503_140321.png",
          "passthrough_20260503_140323.png",
          "passthrough_20260503_140326.png",
          "passthrough_20260503_140410.png"
        ]
      }
    },
    {
      "id": "obj_0032",
      "label": null,
      "score": 0.6327685117721558,
      "center_xyz": [
        -2.150254011154175,
        2.318132162094116,
        -0.1661486029624939
      ],
      "dims_lhw": [
        0.4297354221343994,
        0.5467959642410278,
        0.10640138387680054
      ],
      "R_3x3": [
        [
          0.27873557806015015,
          0.19788900017738342,
          -0.939759373664856
        ],
        [
          -0.22194024920463562,
          0.9653249979019165,
          0.13744454085826874
        ],
        [
          0.9343715906143188,
          0.1702599972486496,
          0.31299030780792236
        ]
      ],
      "evidence": {
        "n_frames": 2,
        "best_frame": "passthrough_20260503_140446.png",
        "frames": [
          "passthrough_20260503_140326.png",
          "passthrough_20260503_140446.png"
        ]
      }
    },
    {
      "id": "obj_0033",
      "label": null,
      "score": 0.629073977470398,
      "center_xyz": [
        -2.278107166290283,
        2.2232706546783447,
        -0.5465746521949768
      ],
      "dims_lhw": [
        0.5625019669532776,
        0.21477441489696503,
        0.13769549131393433
      ],
      "R_3x3": [
        [
          0.1772792786359787,
          0.015150000341236591,
          -0.9840444922447205
        ],
        [
          -0.07701036334037781,
          0.9970290064811707,
          0.001476412988267839
        ],
        [
          0.9811425805091858,
          0.07552000135183334,
          0.1779193878173828
        ]
      ],
      "evidence": {
        "n_frames": 2,
        "best_frame": "passthrough_20260503_140409.png",
        "frames": [
          "passthrough_20260503_140304.png",
          "passthrough_20260503_140409.png"
        ]
      }
    },
    {
      "id": "obj_0034",
      "label": null,
      "score": 0.6156541705131531,
      "center_xyz": [
        -0.5607630610466003,
        2.3965301513671875,
        1.5845221281051636
      ],
      "dims_lhw": [
        0.900648295879364,
        1.0018515586853027,
        0.3687616288661957
      ],
      "R_3x3": [
        [
          0.9156553149223328,
          0.11305800080299377,
          0.3857375979423523
        ],
        [
          -0.03876037150621414,
          0.9799929857254028,
          -0.19522368907928467
        ],
        [
          -0.40009114146232605,
          0.1638070046901703,
          0.901718020439148
        ]
      ],
      "evidence": {
        "n_frames": 5,
        "best_frame": "passthrough_20260503_140328.png",
        "frames": [
          "passthrough_20260503_140315.png",
          "passthrough_20260503_140326.png",
          "passthrough_20260503_140328.png",
          "passthrough_20260503_140435.png",
          "passthrough_20260503_140454.png"
        ]
      }
    },
    {
      "id": "obj_0035",
      "label": null,
      "score": 0.6085901856422424,
      "center_xyz": [
        -0.29246145486831665,
        2.9168810844421387,
        1.0722863674163818
      ],
      "dims_lhw": [
        0.7957903146743774,
        0.04481620341539383,
        0.6921606659889221
      ],
      "R_3x3": [
        [
          0.9661617279052734,
          0.07943200320005417,
          0.24540039896965027
        ],
        [
          -0.12475728988647461,
          0.9766209721565247,
          0.17506256699562073
        ],
        [
          -0.22575807571411133,
          -0.199753999710083,
          0.9534842371940613
        ]
      ],
      "evidence": {
        "n_frames": 3,
        "best_frame": "passthrough_20260503_140435.png",
        "frames": [
          "passthrough_20260503_140435.png",
          "passthrough_20260503_140454.png",
          "passthrough_20260503_140455.png"
        ]
      }
    },
    {
      "id": "obj_0036",
      "label": null,
      "score": 0.5994138717651367,
      "center_xyz": [
        0.23210032284259796,
        1.6641935110092163,
        -2.170670986175537
      ],
      "dims_lhw": [
        0.7025986313819885,
        1.367708683013916,
        0.08854475617408752
      ],
      "R_3x3": [
        [
          -0.9435312151908875,
          -0.1544339954853058,
          -0.2930838167667389
        ],
        [
          0.011125128716230392,
          0.8694260120391846,
          -0.4939384460449219
        ],
        [
          0.3310960531234741,
          -0.469307005405426,
          -0.8186127543449402
        ]
      ],
      "evidence": {
        "n_frames": 2,
        "best_frame": "passthrough_20260503_140439.png",
        "frames": [
          "passthrough_20260503_140439.png",
          "passthrough_20260503_140441.png"
        ]
      }
    },
    {
      "id": "obj_0037",
      "label": null,
      "score": 0.5713405609130859,
      "center_xyz": [
        -0.8697794675827026,
        2.4305331707000732,
        -1.3050559759140015
      ],
      "dims_lhw": [
        0.5373808741569519,
        0.5692861080169678,
        0.7446417212486267
      ],
      "R_3x3": [
        [
          0.4847376346588135,
          0.2449679970741272,
          -0.8396551012992859
        ],
        [
          -0.17799891531467438,
          0.9675179719924927,
          0.1795116364955902
        ],
        [
          0.8563564419746399,
          0.06244099885225296,
          0.5125964283943176
        ]
      ],
      "evidence": {
        "n_frames": 2,
        "best_frame": "passthrough_20260503_140300.png",
        "frames": [
          "passthrough_20260503_140300.png",
          "passthrough_20260503_140442.png"
        ]
      }
    },
    {
      "id": "obj_0038",
      "label": null,
      "score": 0.5239952206611633,
      "center_xyz": [
        -0.24372868239879608,
        2.9276974201202393,
        -1.4675877094268799
      ],
      "dims_lhw": [
        1.565006971359253,
        0.04725326970219612,
        0.9102392196655273
      ],
      "R_3x3": [
        [
          -0.900016188621521,
