{
  "room_id": "teste",
  "world_frame": {
    "anchor_uuid": null,
    "units": "meters",
    "convention": "unity_left_handed_y_up"
  },
  "created_at": "2026-05-03T17:56:54Z",
  "n_captures_used": 60,
  "n_captures_skipped": 0,
  "skipped_reasons": {},
  "objects": [
    {
      "id": "obj_0000",
      "label": null,
      "score": 0.8746431469917297,
      "center_xyz": [
        -1.5220683813095093,
        0.8955147862434387,
        0.14534991979599
      ],
      "dims_lhw": [
        0.3327195942401886,
        0.1018763855099678,
        0.3260801434516907
      ],
      "R_3x3": [
        [
          0.31054621934890747,
          -0.5296710133552551,
          -0.7893099188804626
        ],
        [
          -0.20863750576972961,
          0.772134006023407,
          -0.600232720375061
        ],
        [
          0.9273789525032043,
          0.35107898712158203,
          0.12927444279193878
        ]
      ],
      "evidence": {
        "n_frames": 13,
        "best_frame": "passthrough_20260503_140449.png",
        "frames": [
          "passthrough_20260503_140304.png",
          "passthrough_20260503_140308.png",
          "passthrough_20260503_140321.png",
          "passthrough_20260503_140323.png",
          "passthrough_20260503_140326.png",
          "passthrough_20260503_140410.png",
          "passthrough_20260503_140412.png",
          "passthrough_20260503_140445.png",
          "passthrough_20260503_140449.png",
          "passthrough_20260503_140450.png",
          "passthrough_20260503_140520.png",
          "passthrough_20260503_140523.png",
          "passthrough_20260503_140529.png"
        ]
      }
    },
    {
      "id": "obj_0001",
      "label": null,
      "score": 0.8723625540733337,
      "center_xyz": [
        0.8446771502494812,
        0.9485225081443787,
        -0.40723058581352234
      ],
      "dims_lhw": [
        0.38770949840545654,
        0.2251267284154892,
        0.5683721899986267
      ],
      "R_3x3": [
        [
          0.13945478200912476,
          0.6553710103034973,
          0.7423221468925476
        ],
        [
          0.47060152888298035,
          0.6157159805297852,
          -0.6320034265518188
        ],
        [
          -0.8712562918663025,
          0.43747299909591675,
          -0.22255390882492065
        ]
      ],
      "evidence": {
        "n_frames": 5,
        "best_frame": "passthrough_20260503_140336.png",
        "frames": [
          "passthrough_20260503_140312.png",
          "passthrough_20260503_140336.png",
          "passthrough_20260503_140421.png",
          "passthrough_20260503_140432.png",
          "passthrough_20260503_140459.png"
        ]
      }
    },
    {
      "id": "obj_0002",
      "label": null,
      "score": 0.870377779006958,
      "center_xyz": [
        -2.1446211338043213,
        2.785952568054199,
        -0.5494371056556702
      ],
      "dims_lhw": [
        0.4279123544692993,
        0.14879921078681946,
        0.3411952555179596
      ],
      "R_3x3": [
        [
          0.32461708784103394,
          0.19788900017738342,
          -0.9249135255813599
        ],
        [
          -0.22843140363693237,
          0.9653249979019165,
          0.1263628602027893
        ],
        [
          0.9178475141525269,
          0.1702599972486496,
          0.3585653603076935
        ]
      ],
      "evidence": {
        "n_frames": 8,
        "best_frame": "passthrough_20260503_140446.png",
        "frames": [
          "passthrough_20260503_140323.png",
          "passthrough_20260503_140326.png",
          "passthrough_20260503_140405.png",
          "passthrough_20260503_140406.png",
          "passthrough_20260503_140409.png",
          "passthrough_20260503_140446.png",
          "passthrough_20260503_140525.png",
          "passthrough_20260503_140527.png"
        ]
      }
    },
    {
      "id": "obj_0003",
      "label": null,
      "score": 0.8681738972663879,
      "center_xyz": [
        1.1754779815673828,
        0.8821889162063599,
        -0.5729267001152039
      ],
      "dims_lhw": [
        0.5742878317832947,
        0.27151796221733093,
        0.30021435022354126
      ],
      "R_3x3": [
        [
          0.07605389505624771,
          0.7533789873123169,
          0.653174102306366
        ],
        [
          0.20175126194953918,
          0.6298949718475342,
          -0.7500193119049072
        ],
        [
          -0.9764801859855652,
          0.1888210028409958,
          -0.10408901423215866
        ]
      ],
      "evidence": {
        "n_frames": 2,
        "best_frame": "passthrough_20260503_140426.png",
        "frames": [
          "passthrough_20260503_140336.png",
          "passthrough_20260503_140426.png"
        ]
      }
    },
    {
      "id": "obj_0004",
      "label": null,
      "score": 0.859677255153656,
      "center_xyz": [
        -1.0210952758789062,
        0.8166856169700623,
        -1.151223063468933
      ],
      "dims_lhw": [
        0.2945767343044281,
        0.27614307403564453,
        0.5158212184906006
      ],
      "R_3x3": [
        [
          -0.9538527131080627,
          -0.20908600091934204,
          -0.21552003920078278
        ],
        [
          -0.11816474050283432,
          0.9211969971656799,
          -0.37072041630744934
        ],
        [
          0.276047945022583,
          -0.3281460106372833,
          -0.9033932089805603
        ]
      ],
      "evidence": {
        "n_frames": 10,
        "best_frame": "passthrough_20260503_140523.png",
        "frames": [
          "passthrough_20260503_140304.png",
          "passthrough_20260503_140308.png",
          "passthrough_20260503_140321.png",
          "passthrough_20260503_140340.png",
          "passthrough_20260503_140359.png",
          "passthrough_20260503_140401.png",
          "passthrough_20260503_140439.png",
          "passthrough_20260503_140443.png",
          "passthrough_20260503_140520.png",
          "passthrough_20260503_140523.png"
        ]
      }
    },
    {
      "id": "obj_0005",
      "label": null,
      "score": 0.8564559817314148,
      "center_xyz": [
        -1.079228401184082,
        0.8814218640327454,
        -0.2788124680519104
      ],
      "dims_lhw": [
        0.4773179292678833,
        0.7790549993515015,
        0.5689920783042908
      ],
      "R_3x3": [
        [
          -0.6961759924888611,
          -0.4632999897003174,
          -0.5483559966087341
        ],
        [
          0.2794792056083679,
          0.5286769866943359,
          -0.8014940619468689
        ],
        [
          0.6612349152565002,
          -0.7112339735031128,
          -0.23857015371322632
        ]
      ],
      "evidence": {
        "n_frames": 12,
        "best_frame": "passthrough_20260503_140520.png",
        "frames": [
          "passthrough_20260503_140304.png",
          "passthrough_20260503_140308.png",
          "passthrough_20260503_140321.png",
          "passthrough_20260503_140326.png",
          "passthrough_20260503_140338.png",
          "passthrough_20260503_140340.png",
          "passthrough_20260503_140412.png",
          "passthrough_20260503_140445.png",
          "passthrough_20260503_140450.png",
          "passthrough_20260503_140520.png",
          "passthrough_20260503_140523.png",
          "passthrough_20260503_140529.png"
        ]
      }
    },
    {
      "id": "obj_0006",
      "label": null,
      "score": 0.848556399345398,
      "center_xyz": [
        0.8489031791687012,
        1.0606156587600708,
        0.7780908942222595
      ],
      "dims_lhw": [
        0.4203903079032898,
        0.22478505969047546,
        0.345738023519516
      ],
      "R_3x3": [
        [
          0.9374489784240723,
          0.09336099773645401,
          0.33537134528160095
        ],
        [
          -0.051801931113004684,
          0.9900529980659485,
          -0.13081373274326324
        ],
        [
          -0.34424835443496704,
          0.10525800287723541,
          0.932960033416748
        ]
      ],
      "evidence": {
        "n_frames": 11,
        "best_frame": "passthrough_20260503_140430.png",
        "frames": [
          "passthrough_20260503_140312.png",
          "passthrough_20260503_140315.png",
          "passthrough_20260503_140328.png",
          "passthrough_20260503_140336.png",
          "passthrough_20260503_140417.png",
          "passthrough_20260503_140421.png",
          "passthrough_20260503_140430.png",
          "passthrough_20260503_140432.png",
          "passthrough_20260503_140456.png",
          "passthrough_20260503_140457.png",
          "passthrough_20260503_140459.png"
        ]
      }
    },
    {
      "id": "obj_0007",
      "label": null,
      "score": 0.8482195734977722,
      "center_xyz": [
        -0.5880873203277588,
        0.9370610117912292,
        -1.276676058769226
      ],
      "dims_lhw": [
        0.2345915287733078,
        0.22050540149211884,
        0.21122030913829803
      ],
      "R_3x3": [
        [
          -0.9364773035049438,
          -0.20908600091934204,
          -0.2815918028354645
        ],
        [
          -0.09199276566505432,
          0.9211969971656799,
          -0.37806591391563416
        ],
        [
          0.3384489417076111,
          -0.3281460106372833,
          -0.8819149732589722
        ]
      ],
      "evidence": {
        "n_frames": 5,
        "best_frame": "passthrough_20260503_140523.png",
        "frames": [
          "passthrough_20260503_140443.png",
          "passthrough_20260503_140510.png",
          "passthrough_20260503_140511.png",
          "passthrough_20260503_140520.png",
          "passthrough_20260503_140523.png"
        ]
      }
    },
    {
      "id": "obj_0008",
      "label": null,
      "score": 0.8358674645423889,
      "center_xyz": [
        -2.22393536567688,
        1.8365455865859985,
        -0.6524240374565125
      ],
      "dims_lhw": [
        0.5453556180000305,
        0.32612869143486023,
        0.126953586935997
      ],
      "R_3x3": [
        [
          0.3126369118690491,
          0.19788900017738342,
          -0.9290314316749573
        ],
        [
          -0.2267792820930481,
          0.9653249979019165,
          0.1293044239282608
        ],
        [
          0.9224047660827637,
          0.1702599972486496,
          0.3466736376285553
        ]
      ],
      "evidence": {
        "n_frames": 11,
        "best_frame": "passthrough_20260503_140446.png",
        "frames": [
          "passthrough_20260503_140300.png",
          "passthrough_20260503_140304.png",
          "passthrough_20260503_140323.png",
          "passthrough_20260503_140326.png",
          "passthrough_20260503_140405.png",
          "passthrough_20260503_140409.png",
          "passthrough_20260503_140445.png",
          "passthrough_20260503_140446.png",
          "passthrough_20260503_140523.png",
          "passthrough_20260503_140525.png",
          "passthrough_20260503_140527.png"
        ]
      }
    },
    {
      "id": "obj_0009",
      "label": null,
      "score": 0.8302072286605835,
      "center_xyz": [
        -1.821815848350525,
        0.9049503803253174,
        0.3578164577484131
      ],
      "dims_lhw": [
        0.3059177100658417,
        0.0993397980928421,
        0.23887629806995392
      ],
      "R_3x3": [
        [
          0.1974686235189438,
          -0.5820389986038208,
          -0.7888200879096985
        ],
        [
          0.3759516179561615,
          0.7881029844284058,
          -0.48739588260650635
        ],
        [
          0.9053545594215393,
          -0.20031200349330902,
          0.3744439482688904
        ]
      ],
      "evidence": {
        "n_frames": 2,
        "best_frame": "passthrough_20260503_140529.png",
        "frames": [
          "passthrough_20260503_140445.png",
          "passthrough_20260503_140529.png"
        ]
      }
    },
    {
      "id": "obj_0010",
      "label": null,
      "score": 0.8112536668777466,
      "center_xyz": [
        -2.0738608837127686,
        2.664898157119751,
        -0.8142872452735901
      ],
      "dims_lhw": [
        0.3169815242290497,
        0.11095811426639557,
        0.313192754983902
      ],
      "R_3x3": [
        [
          -0.9895632266998291,
          -0.0504320003092289,
          -0.13498841226100922
        ],
        [
          -0.08022890985012054,
          0.9709630012512207,
          0.2253768891096115
        ],
        [
          0.11970283836126328,
          0.2338549941778183,
          -0.9648756384849548
        ]
      ],
      "evidence": {
        "n_frames": 3,
        "best_frame": "passthrough_20260503_140442.png",
        "frames": [
          "passthrough_20260503_140442.png",
          "passthrough_20260503_140446.png",
          "passthrough_20260503_140525.png"
        ]
      }
    },
    {
      "id": "obj_0011",
      "label": null,
      "score": 0.7995652556419373,
      "center_xyz": [
        -1.2621463537216187,
        1.465572476387024,
        -1.4266809225082397
      ],
      "dims_lhw": [
        0.32882556319236755,
        0.3365135192871094,
        0.28341197967529297
      ],
      "R_3x3": [
        [
          -0.917630136013031,
          -0.24509300291538239,
          -0.3128677010536194
        ],
        [
          -0.1527838408946991,
          0.9442600011825562,
          -0.2916008532047272
        ],
        [
          0.36689695715904236,
          -0.21977999806404114,
          -0.9039271473884583
        ]
      ],
      "evidence": {
        "n_frames": 4,
        "best_frame": "passthrough_20260503_140355.png",
        "frames": [
          "passthrough_20260503_140323.png",
          "passthrough_20260503_140355.png",
          "passthrough_20260503_140405.png",
          "passthrough_20260503_140443.png"
        ]
      }
    },
    {
      "id": "obj_0012",
      "label": null,
      "score": 0.7956899404525757,
      "center_xyz": [
        1.5328139066696167,
        2.3969228267669678,
        -0.725902795791626
      ],
      "dims_lhw": [
        0.41292721033096313,
        0.34120601415634155,
        0.06292330473661423
      ],
      "R_3x3": [
        [
          -0.3654802143573761,
          0.05396199971437454,
          0.929253339767456
        ],
        [
          0.002918265527114272,
          0.9983800053596497,
          -0.05682823434472084
        ],
        [
          -0.9308151602745056,
          -0.01805800013244152,
          -0.36504554748535156
        ]
      ],
      "evidence": {
        "n_frames": 2,
        "best_frame": "passthrough_20260503_140332.png",
        "frames": [
          "passthrough_20260503_140332.png",
          "passthrough_20260503_140428.png"
        ]
      }
    },
    {
      "id": "obj_0013",
      "label": null,
      "score": 0.7887268662452698,
      "center_xyz": [
        0.6247230172157288,
        0.7959374189376831,
        0.34148332476615906
      ],
      "dims_lhw": [
        0.2329888641834259,
        0.08799318969249725,
        0.2537517547607422
      ],
      "R_3x3": [
        [
          -0.10634687542915344,
          0.5446550250053406,
          0.8318895697593689
        ],
        [
          0.3146175742149353,
          0.8120819926261902,
          -0.4914664924144745
        ],
        [
          -0.9432420134544373,
          0.2094620019197464,
          -0.25772035121917725
        ]
      ],
      "evidence": {
        "n_frames": 2,
        "best_frame": "passthrough_20260503_140459.png",
        "frames": [
          "passthrough_20260503_140459.png",
          "passthrough_20260503_140505.png"
        ]
      }
    },
    {
      "id": "obj_0014",
      "label": null,
      "score": 0.784361720085144,
      "center_xyz": [
        -2.3306620121002197,
        1.362064242362976,
        -0.7473069429397583
      ],
      "dims_lhw": [
        0.7648417353630066,
        0.18205416202545166,
        0.10648228973150253
      ],
      "R_3x3": [
        [
          0.36975449323654175,
          -0.0974079966545105,
          -0.9240097999572754
        ],
        [
          -0.02420661598443985,
          0.9931420087814331,
          -0.1143823191523552
        ],
        [
          0.9288144707679749,
          0.06465999782085419,
          0.36486056447029114
        ]
      ],
      "evidence": {
        "n_frames": 3,
        "best_frame": "passthrough_20260503_140405.png",
        "frames": [
          "passthrough_20260503_140321.png",
          "passthrough_20260503_140405.png",
          "passthrough_20260503_140445.png"
        ]
      }
    },
    {
      "id": "obj_0015",
      "label": null,
      "score": 0.784103274345398,
      "center_xyz": [
        -1.7096302509307861,
        2.1990864276885986,
        0.8729193210601807
      ],
      "dims_lhw": [
        0.950208306312561,
        0.7757278084754944,
        0.10697980970144272
      ],
      "R_3x3": [
        [
          0.31541451811790466,
          0.13194100558757782,
          -0.939736545085907
        ],
        [
          -0.0970325917005539,
          0.9895809888839722,
          0.1063709557056427
        ],
        [
          0.9439796805381775,
          0.05763399973511696,
          0.32493099570274353
        ]
      ],
      "evidence": {
        "n_frames": 8,
        "best_frame": "passthrough_20260503_140448.png",
        "frames": [
          "passthrough_20260503_140300.png",
          "passthrough_20260503_140304.png",
          "passthrough_20260503_140323.png",
          "passthrough_20260503_140326.png",
          "passthrough_20260503_140409.png",
          "passthrough_20260503_140435.png",
          "passthrough_20260503_140448.png",
          "passthrough_20260503_140453.png"
        ]
      }
    },
    {
      "id": "obj_0016",
      "label": null,
      "score": 0.7793079614639282,
      "center_xyz": [
        1.6897623538970947,
        2.42449688911438,
        -0.29399824142456055
      ],
      "dims_lhw": [
        0.22893255949020386,
        0.3298848569393158,
        0.08406050503253937
      ],
      "R_3x3": [
        [
          -0.31990399956703186,
          -0.05051799863576889,
          0.9461023807525635
        ],
        [
          -0.14092490077018738,
          0.9900069832801819,
          0.005211944691836834
        ],
        [
          -0.9369106888771057,
          -0.13166199624538422,
          -0.3238257169723511
        ]
      ],
      "evidence": {
        "n_frames": 3,
        "best_frame": "passthrough_20260503_140428.png",
        "frames": [
          "passthrough_20260503_140428.png",
          "passthrough_20260503_140500.png",
          "passthrough_20260503_140506.png"
        ]
      }
    },
    {
      "id": "obj_0017",
      "label": null,
      "score": 0.7691361904144287,
      "center_xyz": [
        1.3698723316192627,
        1.6622666120529175,
        -0.08593791723251343
      ],
      "dims_lhw": [
        0.20057500898838043,
        0.49940577149391174,
        0.2837735116481781
      ],
      "R_3x3": [
        [
          0.9207504987716675,
          0.03900099918246269,
          0.3881984055042267
        ],
        [
          -0.026589754968881607,
          0.9989510178565979,
          -0.03729433938860893
        ],
        [
          -0.3892451822757721,
          0.02401600033044815,
          0.9208207130432129
        ]
      ],
      "evidence": {
        "n_frames": 4,
        "best_frame": "passthrough_20260503_140315.png",
        "frames": [
          "passthrough_20260503_140312.png",
          "passthrough_20260503_140315.png",
          "passthrough_20260503_140330.png",
          "passthrough_20260503_140421.png"
        ]
      }
    },
    {
      "id": "obj_0018",
      "label": null,
      "score": 0.7659186720848083,
      "center_xyz": [
        -1.1695088148117065,
        1.694097638130188,
        -1.573644757270813
      ],
      "dims_lhw": [
        0.539832353591919,
        0.31608718633651733,
        0.08701111376285553
      ],
      "R_3x3": [
        [
          -0.8972784876823425,
          0.042096998542547226,
          -0.43945422768592834
        ],
        [
          -0.02212647907435894,
          0.98990398645401,
          0.14000330865383148
        ],
        [
          0.4409107565879822,
          0.135344997048378,
          -0.8872877359390259
        ]
      ],
      "evidence": {
        "n_frames": 2,
        "best_frame": "passthrough_20260503_140525.png",
        "frames": [
          "passthrough_20260503_140523.png",
          "passthrough_20260503_140525.png"
        ]
      }
    },
    {
      "id": "obj_0019",
      "label": null,
      "score": 0.7505856156349182,
      "center_xyz": [
        -2.2157163619995117,
        1.4897085428237915,
        -0.46146848797798157
      ],
      "dims_lhw": [
        0.4115562438964844,
        0.19268305599689484,
        0.11384446173906326
      ],
      "R_3x3": [
        [
          0.2050817310810089,
          0.015150000341236591,
          -0.9786281585693359
        ],
        [
          -0.0770212784409523,
          0.9970290064811707,
          -0.0007055418100208044
        ],
        [
          0.9757091999053955,
          0.07552000135183334,
          0.20563940703868866
        ]
      ],
      "evidence": {
        "n_frames": 3,
        "best_frame": "passthrough_20260503_140409.png",
        "frames": [
          "passthrough_20260503_140326.png",
          "passthrough_20260503_140409.png",
          "passthrough_20260503_140410.png"
        ]
      }
    },
    {
      "id": "obj_0020",
      "label": null,
      "score": 0.7481527328491211,
      "center_xyz": [
        1.8233137130737305,
        1.697714924812317,
        0.36065202951431274
      ],
      "dims_lhw": [
        0.5052401423454285,
        0.7542828321456909,
        0.0880594402551651
      ],
      "R_3x3": [
        [
          0.934039294719696,
          0.03900099918246269,
          0.35503533482551575
        ],
        [
          -0.027905955910682678,
          0.9989510178565979,
          -0.03631997108459473
        ],
        [
          -0.3560788929462433,
          0.02401600033044815,
          0.9341468811035156
        ]
      ],
      "evidence": {
        "n_frames": 7,
        "best_frame": "passthrough_20260503_140315.png",
        "frames": [
          "passthrough_20260503_140315.png",
          "passthrough_20260503_140330.png",
          "passthrough_20260503_140332.png",
          "passthrough_20260503_140428.png",
          "passthrough_20260503_140430.png",
          "passthrough_20260503_140500.png",
          "passthrough_20260503_140506.png"
        ]
      }
    },
    {
      "id": "obj_0021",
      "label": null,
      "score": 0.7415900230407715,
      "center_xyz": [
        1.4026285409927368,
        1.6464159488677979,
        -0.71865314245224
      ],
      "dims_lhw": [
        0.36435389518737793,
        0.6054636240005493,
        0.13406682014465332
      ],
      "R_3x3": [
        [
          0.9450527429580688,
          0.12172500044107437,
          0.3034122586250305
        ],
        [
          0.023917295038700104,
          0.8998669981956482,
          -0.43550905585289
        ],
        [
          -0.3260428309440613,
          0.41883599758148193,
          0.8475099802017212
        ]
      ],
      "evidence": {
        "n_frames": 6,
        "best_frame": "passthrough_20260503_140312.png",
        "frames": [
          "passthrough_20260503_140312.png",
          "passthrough_20260503_140315.png",
          "passthrough_20260503_140330.png",
          "passthrough_20260503_140332.png",
          "passthrough_20260503_140423.png",
          "passthrough_20260503_140428.png"
        ]
      }
    },
    {
      "id": "obj_0022",
      "label": null,
      "score": 0.737034022808075,
      "center_xyz": [
        1.7182425260543823,
        1.718600869178772,
        -0.24627861380577087
      ],
      "dims_lhw": [
        0.39732837677001953,
        0.6894824504852295,
        0.09232517331838608
      ],
      "R_3x3": [
        [
          -0.3521971106529236,
          -0.05051799863576889,
          0.9345616698265076
        ],
        [
          -0.1410207748413086,
          0.9900069832801819,
          0.0003706149582285434
        ],
        [
          -0.9252408146858215,
          -0.13166199624538422,
          -0.35580095648765564
        ]
      ],
      "evidence": {
        "n_frames": 3,
        "best_frame": "passthrough_20260503_140428.png",
        "frames": [
          "passthrough_20260503_140428.png",
          "passthrough_20260503_140500.png",
          "passthrough_20260503_140506.png"
        ]
      }
    },
    {
      "id": "obj_0023",
      "label": null,
      "score": 0.7358216643333435,
      "center_xyz": [
        -0.7836906313896179,
        0.6190919876098633,
        0.5634428858757019
      ],
      "dims_lhw": [
        0.2410632073879242,
        0.3657374083995819,
        0.2746148407459259
      ],
      "R_3x3": [
        [
          0.47737643122673035,
          -0.7394459843635559,
          -0.4746904969215393
        ],
        [
          -0.21021050214767456,
          0.4284290075302124,
          -0.8787830471992493
        ],
        [
          0.853183925151825,
          0.5192959904670715,
          0.0490829199552536
        ]
      ],
      "evidence": {
        "n_frames": 5,
        "best_frame": "passthrough_20260503_140450.png",
        "frames": [
          "passthrough_20260503_140308.png",
          "passthrough_20260503_140321.png",
          "passthrough_20260503_140338.png",
          "passthrough_20260503_140417.png",
          "passthrough_20260503_140450.png"
        ]
      }
    },
    {
      "id": "obj_0024",
      "label": null,
      "score": 0.7338290810585022,
      "center_xyz": [
        1.3843899965286255,
        2.073197364807129,
        1.3458470106124878
      ],
      "dims_lhw": [
        0.57017582654953,
        0.8381192684173584,
        0.0867009088397026
      ],
      "R_3x3": [
        [
          0.9295830726623535,
          0.03900099918246269,
          0.3665444552898407
        ],
        [
          -0.027455242350697517,
          0.9989510178565979,
          -0.036661867052316666
        ],
        [
          -0.3675892651081085,
          0.02401600033044815,
          0.9296777248382568
        ]
      ],
      "evidence": {
        "n_frames": 8,
        "best_frame": "passthrough_20260503_140315.png",
        "frames": [
          "passthrough_20260503_140312.png",
          "passthrough_20260503_140315.png",
          "passthrough_20260503_140317.png",
          "passthrough_20260503_140328.png",
          "passthrough_20260503_140330.png",
          "passthrough_20260503_140428.png",
          "passthrough_20260503_140430.png",
          "passthrough_20260503_140500.png"
        ]
      }
    },
    {
      "id": "obj_0025",
      "label": null,
      "score": 0.7267577052116394,
      "center_xyz": [
        0.9963854551315308,
        2.2426812648773193,
        -0.7823485732078552
      ],
      "dims_lhw": [
        0.16097790002822876,
        0.22541838884353638,
        0.2563824951648712
      ],
      "R_3x3": [
        [
          0.9209930896759033,
          0.03900099918246269,
          0.3876226544380188
        ],
        [
          -0.02661306783556938,
          0.9989510178565979,
          -0.0372777096927166
        ],
        [
          -0.38866934180259705,
          0.02401600033044815,
          0.9210638999938965
        ]
      ],
      "evidence": {
        "n_frames": 2,
        "best_frame": "passthrough_20260503_140315.png",
        "frames": [
          "passthrough_20260503_140315.png",
          "passthrough_20260503_140507.png"
        ]
      }
    },
    {
      "id": "obj_0026",
      "label": null,
      "score": 0.721162736415863,
      "center_xyz": [
        1.311650276184082,
        2.318678379058838,
        -0.5943118333816528
      ],
      "dims_lhw": [
        0.17552995681762695,
        0.2925320267677307,
        0.272538423538208
      ],
      "R_3x3": [
        [
          0.9487078189849854,
          -0.060081999748945236,
          0.3103925287723541
        ],
        [
          -0.047651417553424835,
          0.943386971950531,
          0.3282548487186432
        ],
        [
          -0.31254228949546814,
          -0.32620900869369507,
          0.8921353816986084
        ]
      ],
      "evidence": {
        "n_frames": 2,
        "best_frame": "passthrough_20260503_140317.png",
        "frames": [
          "passthrough_20260503_140317.png",
          "passthrough_20260503_140330.png"
        ]
      }
    },
    {
      "id": "obj_0027",
      "label": null,
      "score": 0.7186636328697205,
      "center_xyz": [
        -1.2343798875808716,
        0.7195355892181396,
        0.7212399244308472
      ],
      "dims_lhw": [
        0.313208669424057,
        0.3623085618019104,
        0.3276439309120178
      ],
      "R_3x3": [
        [
          0.13555149734020233,
          -0.5820389986038208,
          -0.8017835021018982
        ],
        [
          0.3369258642196655,
          0.7881029844284058,
          -0.5151458978652954
        ],
        [
          0.9317226409912109,
          -0.20031200349330902,
          0.30293241143226624
        ]
      ],
      "evidence": {
        "n_frames": 7,
        "best_frame": "passthrough_20260503_140529.png",
        "frames": [
          "passthrough_20260503_140304.png",
          "passthrough_20260503_140321.png",
          "passthrough_20260503_140326.png",
          "passthrough_20260503_140410.png",
          "passthrough_20260503_140417.png",
          "passthrough_20260503_140451.png",
          "passthrough_20260503_140529.png"
        ]
      }
    },
    {
      "id": "obj_0028",
      "label": null,
      "score": 0.7066686749458313,
      "center_xyz": [
        0.43731552362442017,
        1.074735164642334,
        0.4574567973613739
      ],
      "dims_lhw": [
        0.22336004674434662,
        0.09987649321556091,
        0.2395046204328537
      ],
      "R_3x3": [
        [
          0.8964088559150696,
          0.43468499183654785,
          0.08660608530044556
        ],
        [
          -0.12920737266540527,
          0.4431900084018707,
          -0.8870671987533569
        ],
        [
          -0.4239772856235504,
          0.7839850187301636,
          0.4534437656402588
        ]
      ],
      "evidence": {
        "n_frames": 7,
        "best_frame": "passthrough_20260503_140457.png",
        "frames": [
          "passthrough_20260503_140312.png",
          "passthrough_20260503_140315.png",
          "passthrough_20260503_140338.png",
          "passthrough_20260503_140417.png",
          "passthrough_20260503_140421.png",
          "passthrough_20260503_140432.png",
          "passthrough_20260503_140457.png"
        ]
      }
    },
    {
      "id": "obj_0029",
      "label": null,
      "score": 0.6899673938751221,
      "center_xyz": [
        0.2808310091495514,
        1.8385944366455078,
        -2.134432077407837
      ],
      "dims_lhw": [
        0.6252444386482239,
        1.2332696914672852,
        0.09386881440877914
      ],
      "R_3x3": [
        [
          -0.9611453413963318,
          -0.11604899913072586,
          -0.2504624128341675
        ],
        [
          -0.12757346034049988,
          0.9913690090179443,
          0.03021935559809208
        ],
        [
          0.24479380249977112,
          0.06099800020456314,
          -0.9676545262336731
        ]
      ],
      "evidence": {
        "n_frames": 5,
        "best_frame": "passthrough_20260503_140509.png",
        "frames": [
          "passthrough_20260503_140439.png",
          "passthrough_20260503_140441.png",
          "passthrough_20260503_140509.png",
          "passthrough_20260503_140510.png",
          "passthrough_20260503_140525.png"
        ]
      }
    },
    {
      "id": "obj_0030",
      "label": null,
      "score": 0.6895214319229126,
      "center_xyz": [
        -0.5050643682479858,
        1.5591143369674683,
        -1.6713420152664185
      ],
      "dims_lhw": [
        0.04092096909880638,
        0.3472971022129059,
        0.35973644256591797
      ],
      "R_3x3": [
        [
          0.5232970118522644,
          -0.5641679763793945,
          -0.6386505365371704
        ],
        [
          -0.11910171806812286,
          0.6936789751052856,
          -0.7103697657585144
        ],
        [
          0.8437860012054443,
          0.4477989971637726,
          0.2958067059516907
        ]
      ],
      "evidence": {
        "n_frames": 2,
        "best_frame": "passthrough_20260503_140308.png",
        "frames": [
          "passthrough_20260503_140304.png",
          "passthrough_20260503_140308.png"
        ]
      }
    },
    {
      "id": "obj_0031",
      "label": null,
      "score": 0.6841685175895691,
      "center_xyz": [
        1.5602233409881592,
        1.5549818277359009,
        0.40430909395217896
      ],
      "dims_lhw": [
        0.3739960193634033,
        0.284132719039917,
        0.05294835940003395
      ],
      "R_3x3": [
        [
          -0.13339896500110626,
          0.4344150125980377,
          0.8907797932624817
        ],
        [
          0.4929511547088623,
          0.8088250160217285,
          -0.32062575221061707
        ],
        [
          -0.8597702383995056,
          0.396340012550354,
          -0.32204124331474304
        ]
      ],
      "evidence": {
        "n_frames": 3,
        "best_frame": "passthrough_20260503_140421.png",
        "frames": [
          "passthrough_20260503_140421.png",
          "passthrough_20260503_140432.png",
          "passthrough_20260503_140459.png"
        ]
      }
    },
    {
      "id": "obj_0032",
      "label": null,
      "score": 0.6591313481330872,
      "center_xyz": [
        -2.247844934463501,
        2.4402875900268555,
        -0.566562831401825
      ],
      "dims_lhw": [
        0.6619893312454224,
        0.20765776932239532,
        0.14899854362010956
      ],
      "R_3x3": [
        [
          0.29889917373657227,
          -0.04334399849176407,
          -0.953300416469574
        ],
        [
          -0.138675719499588,
          0.986391007900238,
          -0.08832839876413345
        ],
        [
          0.9441545009613037,
          0.15860100090503693,
          0.2888205647468567
        ]
      ],
      "evidence": {
        "n_frames": 3,
        "best_frame": "passthrough_20260503_140323.png",
        "frames": [
          "passthrough_20260503_140304.png",
          "passthrough_20260503_140323.png",
          "passthrough_20260503_140406.png"
        ]
      }
    },
    {
      "id": "obj_0033",
      "label": null,
      "score": 0.6475794315338135,
      "center_xyz": [
        -1.6928400993347168,
        1.2272088527679443,
        0.5841018557548523
      ],
      "dims_lhw": [
        0.3491072654724121,
        0.12744227051734924,
        0.23770146071910858
      ],
      "R_3x3": [
        [
          0.4681655466556549,
          -0.546684980392456,
          -0.6942306160926819
        ],
        [
          -0.07853954285383224,
          0.7567949891090393,
          -0.6489171981811523
        ],
        [
          0.8801441192626953,
          0.3583250045776367,
          0.31136825680732727
        ]
      ],
      "evidence": {
        "n_frames": 5,
        "best_frame": "passthrough_20260503_140321.png",
        "frames": [
          "passthrough_20260503_140300.png",
          "passthrough_20260503_140321.png",
          "passthrough_20260503_140323.png",
          "passthrough_20260503_140326.png",
          "passthrough_20260503_140410.png"
        ]
      }
    },
    {
      "id": "obj_0034",
      "label": null,
      "score": 0.6327685117721558,
      "center_xyz": [
        -2.150254011154175,
        2.318132162094116,
        -0.1661486029624939
      ],
      "dims_lhw": [
        0.4297354221343994,
        0.5467959642410278,
        0.10640138387680054
      ],
      "R_3x3": [
        [
          0.27873557806015015,
          0.19788900017738342,
          -0.939759373664856
        ],
        [
          -0.22194024920463562,
          0.9653249979019165,
          0.13744454085826874
        ],
        [
          0.9343715906143188,
          0.1702599972486496,
          0.31299030780792236
        ]
      ],
      "evidence": {
        "n_frames": 2,
        "best_frame": "passthrough_20260503_140446.png",
        "frames": [
          "passthrough_20260503_140326.png",
          "passthrough_20260503_140446.png"
        ]
      }
    },
    {
      "id": "obj_0035",
      "label": null,
      "score": 0.6156541705131531,
      "center_xyz": [
        -0.5607630610466003,
        2.3965301513671875,
        1.5845221281051636
      ],
      "dims_lhw": [
        0.900648295879364,
        1.0018515586853027,
        0.3687616288661957
      ],
      "R_3x3": [
        [
          0.9156553149223328,
          0.11305800080299377,
          0.3857375979423523
        ],
        [
          -0.03876037150621414,
          0.9799929857254028,
          -0.19522368907928467
        ],
        [
          -0.40009114146232605,
          0.1638070046901703,
          0.901718020439148
        ]
      ],
      "evidence": {
        "n_frames": 5,
        "best_frame": "passthrough_20260503_140328.png",
        "frames": [
          "passthrough_20260503_140315.png",
          "passthrough_20260503_140326.png",
          "passthrough_20260503_140328.png",
          "passthrough_20260503_140435.png",
          "passthrough_20260503_140454.png"
        ]
      }
    },
    {
      "id": "obj_0036",
      "label": null,
      "score": 0.6085901856422424,
      "center_xyz": [
        -0.29246145486831665,
        2.9168810844421387,
        1.0722863674163818
      ],
      "dims_lhw": [
        0.7957903146743774,
        0.04481620341539383,
        0.6921606659889221
      ],
      "R_3x3": [
        [
          0.9661617279052734,
          0.07943200320005417,
          0.24540039896965027
        ],
        [
          -0.12475728988647461,
          0.9766209721565247,
          0.17506256699562073
        ],
        [
          -0.22575807571411133,
          -0.199753999710083,
          0.9534842371940613
        ]
      ],
      "evidence": {
        "n_frames": 3,
        "best_frame": "passthrough_20260503_140435.png",
        "frames": [
          "passthrough_20260503_140435.png",
          "passthrough_20260503_140454.png",
          "passthrough_20260503_140455.png"
        ]
      }
    },
    {
      "id": "obj_0037",
      "label": null,
      "score": 0.5713405609130859,
      "center_xyz": [
        -0.8562516570091248,
        2.5402183532714844,
        -1.4636945724487305
      ],
      "dims_lhw": [
        0.7358881831169128,
        0.5936713218688965,
        0.4562978446483612
      ],
      "R_3x3": [
        [
          0.4847376346588135,
          0.2449679970741272,
          -0.8396551012992859
        ],
        [
          -0.17799891531467438,
          0.9675179719924927,
          0.1795116364955902
        ],
        [
          0.8563564419746399,
          0.06244099885225296,
          0.5125964283943176
        ]
      ],
      "evidence": {
        "n_frames": 3,
        "best_frame": "passthrough_20260503_140300.png",
        "frames": [
          "passthrough_20260503_140300.png",
          "passthrough_20260503_140442.png",
          "passthrough_20260503_140525.png"
        ]
