{
  "room_id": "teste",
  "world_frame": {
    "anchor_uuid": null,
    "units": "meters",
    "convention": "unity_left_handed_y_up"
  },
  "created_at": "2026-05-03T17:52:54Z",
  "n_captures_used": 30,
  "n_captures_skipped": 0,
  "skipped_reasons": {},
  "objects": [
    {
      "id": "obj_0000",
      "label": null,
      "score": 0.8723625540733337,
      "center_xyz": [
        1.2485886812210083,
        0.9136309623718262,
        0.015348752029240131
      ],
      "dims_lhw": [
        0.27726784348487854,
        0.18771477043628693,
        0.4036800265312195
      ],
      "R_3x3": [
        [
          0.13945478200912476,
          0.6553710103034973,
          0.7423221468925476
        ],
        [
          0.47060152888298035,
          0.6157159805297852,
          -0.6320034265518188
        ],
        [
          -0.8712562918663025,
          0.43747299909591675,
          -0.22255390882492065
        ]
      ],
      "evidence": {
        "n_frames": 5,
        "best_frame": "passthrough_20260503_140336.png",
        "frames": [
          "passthrough_20260503_140312.png",
          "passthrough_20260503_140336.png",
          "passthrough_20260503_140421.png",
          "passthrough_20260503_140423.png",
          "passthrough_20260503_140426.png"
        ]
      }
    },
    {
      "id": "obj_0001",
      "label": null,
      "score": 0.8681738972663879,
      "center_xyz": [
        1.1754779815673828,
        0.8821889162063599,
        -0.5729267001152039
      ],
      "dims_lhw": [
        0.5742878317832947,
        0.27151796221733093,
        0.30021435022354126
      ],
      "R_3x3": [
        [
          0.07605389505624771,
          0.7533789873123169,
          0.653174102306366
        ],
        [
          0.20175126194953918,
          0.6298949718475342,
          -0.7500193119049072
        ],
        [
          -0.9764801859855652,
          0.1888210028409958,
          -0.10408901423215866
        ]
      ],
      "evidence": {
        "n_frames": 2,
        "best_frame": "passthrough_20260503_140426.png",
        "frames": [
          "passthrough_20260503_140336.png",
          "passthrough_20260503_140426.png"
        ]
      }
    },
    {
      "id": "obj_0002",
      "label": null,
      "score": 0.848556399345398,
      "center_xyz": [
        0.6030915975570679,
        1.1224485635757446,
        0.5903220176696777
      ],
      "dims_lhw": [
        0.4010537266731262,
        0.23742493987083435,
        0.46235913038253784
      ],
      "R_3x3": [
        [
          0.9374489784240723,
          0.09336099773645401,
          0.33537134528160095
        ],
        [
          -0.051801931113004684,
          0.9900529980659485,
          -0.13081373274326324
        ],
        [
          -0.34424835443496704,
          0.10525800287723541,
          0.932960033416748
        ]
      ],
      "evidence": {
        "n_frames": 6,
        "best_frame": "passthrough_20260503_140430.png",
        "frames": [
          "passthrough_20260503_140312.png",
          "passthrough_20260503_140315.png",
          "passthrough_20260503_140328.png",
          "passthrough_20260503_140417.png",
          "passthrough_20260503_140421.png",
          "passthrough_20260503_140430.png"
        ]
      }
    },
    {
      "id": "obj_0003",
      "label": null,
      "score": 0.8164047598838806,
      "center_xyz": [
        -1.3736096620559692,
        0.8938363194465637,
        -0.11911460757255554
      ],
      "dims_lhw": [
        0.5251352787017822,
        0.43922728300094604,
        0.4953756332397461
      ],
      "R_3x3": [
        [
          0.4149481952190399,
          -0.04334399849176407,
          -0.9088125824928284
        ],
        [
          -0.12663580477237701,
          0.986391007900238,
          -0.10486292093992233
        ],
        [
          0.9009888172149658,
          0.15860100090503693,
          0.4038120210170746
        ]
      ],
      "evidence": {
        "n_frames": 9,
        "best_frame": "passthrough_20260503_140323.png",
        "frames": [
          "passthrough_20260503_140304.png",
          "passthrough_20260503_140308.png",
          "passthrough_20260503_140321.png",
          "passthrough_20260503_140323.png",
          "passthrough_20260503_140326.png",
          "passthrough_20260503_140338.png",
          "passthrough_20260503_140340.png",
          "passthrough_20260503_140410.png",
          "passthrough_20260503_140412.png"
        ]
      }
    },
    {
      "id": "obj_0004",
      "label": null,
      "score": 0.7995652556419373,
      "center_xyz": [
        -1.2567294836044312,
        1.451357364654541,
        -1.4264256954193115
      ],
      "dims_lhw": [
        0.31078052520751953,
        0.3483869433403015,
        0.2828725576400757
      ],
      "R_3x3": [
        [
          -0.917630136013031,
          -0.24509300291538239,
          -0.3128677010536194
        ],
        [
          -0.1527838408946991,
          0.9442600011825562,
          -0.2916008532047272
        ],
        [
          0.36689695715904236,
          -0.21977999806404114,
          -0.9039271473884583
        ]
      ],
      "evidence": {
        "n_frames": 3,
        "best_frame": "passthrough_20260503_140355.png",
        "frames": [
          "passthrough_20260503_140323.png",
          "passthrough_20260503_140355.png",
          "passthrough_20260503_140405.png"
        ]
      }
    },
    {
      "id": "obj_0005",
      "label": null,
      "score": 0.798714816570282,
      "center_xyz": [
        -2.204301118850708,
        1.8145408630371094,
        -0.6682049036026001
      ],
      "dims_lhw": [
        0.28056448698043823,
        0.3139845132827759,
        0.1438412219285965
      ],
      "R_3x3": [
        [
          0.2700454294681549,
          -0.06023100018501282,
          -0.9609622359275818
        ],
        [
          -0.20643310248851776,
          0.9712110161781311,
          -0.11888479441404343
        ],
        [
          0.9404582977294922,
          0.23047900199890137,
          0.24983708560466766
        ]
      ],
      "evidence": {
        "n_frames": 6,
        "best_frame": "passthrough_20260503_140326.png",
        "frames": [
          "passthrough_20260503_140300.png",
          "passthrough_20260503_140304.png",
          "passthrough_20260503_140323.png",
          "passthrough_20260503_140326.png",
          "passthrough_20260503_140405.png",
          "passthrough_20260503_140409.png"
        ]
      }
    },
    {
      "id": "obj_0006",
      "label": null,
      "score": 0.7980932593345642,
      "center_xyz": [
        -1.3927063941955566,
        0.8385179042816162,
        -0.9526438117027283
      ],
      "dims_lhw": [
        0.31118497252464294,
        0.3047274053096771,
        0.5528408288955688
      ],
      "R_3x3": [
        [
          0.3745547831058502,
          -0.8468199968338013,
          -0.3776300251483917
        ],
        [
          0.6051204800605774,
          0.5318379998207092,
          -0.5924331545829773
        ],
        [
          0.7025231719017029,
          -0.006612999830394983,
          0.7116305828094482
        ]
      ],
      "evidence": {
        "n_frames": 6,
        "best_frame": "passthrough_20260503_140401.png",
        "frames": [
          "passthrough_20260503_140304.png",
          "passthrough_20260503_140308.png",
          "passthrough_20260503_140321.png",
          "passthrough_20260503_140326.png",
          "passthrough_20260503_140340.png",
          "passthrough_20260503_140401.png"
        ]
      }
    },
    {
      "id": "obj_0007",
      "label": null,
      "score": 0.7956899404525757,
      "center_xyz": [
        1.5328139066696167,
        2.3969228267669678,
        -0.725902795791626
      ],
      "dims_lhw": [
        0.41292721033096313,
        0.34120601415634155,
        0.06292330473661423
      ],
      "R_3x3": [
        [
          -0.3654802143573761,
          0.05396199971437454,
          0.929253339767456
        ],
        [
          0.002918265527114272,
          0.9983800053596497,
          -0.05682823434472084
        ],
        [
          -0.9308151602745056,
          -0.01805800013244152,
          -0.36504554748535156
        ]
      ],
      "evidence": {
        "n_frames": 2,
        "best_frame": "passthrough_20260503_140332.png",
        "frames": [
          "passthrough_20260503_140332.png",
          "passthrough_20260503_140428.png"
        ]
      }
    },
    {
      "id": "obj_0008",
      "label": null,
      "score": 0.784361720085144,
      "center_xyz": [
        -2.2183704376220703,
        1.4545989036560059,
        -0.5037325620651245
      ],
      "dims_lhw": [
        0.5102574825286865,
        0.18613165616989136,
        0.11551303416490555
      ],
      "R_3x3": [
        [
          0.36975449323654175,
          -0.0974079966545105,
          -0.9240097999572754
        ],
        [
          -0.02420661598443985,
          0.9931420087814331,
          -0.1143823191523552
        ],
        [
          0.9288144707679749,
          0.06465999782085419,
          0.36486056447029114
        ]
      ],
      "evidence": {
        "n_frames": 6,
        "best_frame": "passthrough_20260503_140405.png",
        "frames": [
          "passthrough_20260503_140300.png",
          "passthrough_20260503_140321.png",
          "passthrough_20260503_140326.png",
          "passthrough_20260503_140405.png",
          "passthrough_20260503_140409.png",
          "passthrough_20260503_140410.png"
        ]
      }
    },
    {
      "id": "obj_0009",
      "label": null,
      "score": 0.7725866436958313,
      "center_xyz": [
        -1.8025528192520142,
        1.1257824897766113,
        -0.4466845691204071
      ],
      "dims_lhw": [
        0.1862049102783203,
        0.1862379014492035,
        0.18434448540210724
      ],
      "R_3x3": [
        [
          0.17010264098644257,
          -0.04334399849176407,
          -0.9844731688499451
        ],
        [
          -0.1491459161043167,
          0.986391007900238,
          -0.06919798254966736
        ],
        [
          0.9740738868713379,
          0.15860100090503693,
          0.1613231599330902
        ]
      ],
      "evidence": {
        "n_frames": 4,
        "best_frame": "passthrough_20260503_140323.png",
        "frames": [
          "passthrough_20260503_140308.png",
          "passthrough_20260503_140321.png",
          "passthrough_20260503_140323.png",
          "passthrough_20260503_140326.png"
        ]
      }
    },
    {
      "id": "obj_0010",
      "label": null,
      "score": 0.7691361904144287,
      "center_xyz": [
        1.3698723316192627,
        1.6622666120529175,
        -0.08593791723251343
      ],
      "dims_lhw": [
        0.20057500898838043,
        0.49940577149391174,
        0.2837735116481781
      ],
      "R_3x3": [
        [
          0.9207504987716675,
          0.03900099918246269,
          0.3881984055042267
        ],
        [
          -0.026589754968881607,
          0.9989510178565979,
          -0.03729433938860893
        ],
        [
          -0.3892451822757721,
          0.02401600033044815,
          0.9208207130432129
        ]
      ],
      "evidence": {
        "n_frames": 4,
        "best_frame": "passthrough_20260503_140315.png",
        "frames": [
          "passthrough_20260503_140312.png",
          "passthrough_20260503_140315.png",
          "passthrough_20260503_140330.png",
          "passthrough_20260503_140421.png"
        ]
      }
    },
    {
      "id": "obj_0011",
      "label": null,
      "score": 0.768220067024231,
      "center_xyz": [
        -1.9562240839004517,
        2.1562812328338623,
        0.6843582987785339
      ],
      "dims_lhw": [
        1.4707093238830566,
        0.9174345135688782,
        0.09783592075109482
      ],
      "R_3x3": [
        [
          0.3145647346973419,
          -0.04334399849176407,
          -0.9482464790344238
        ],
        [
          -0.13720163702964783,
          0.986391007900238,
          -0.09060116857290268
        ],
        [
          0.9392678737640381,
          0.15860100090503693,
          0.3043368458747864
        ]
      ],
      "evidence": {
        "n_frames": 5,
        "best_frame": "passthrough_20260503_140323.png",
        "frames": [
          "passthrough_20260503_140300.png",
          "passthrough_20260503_140304.png",
          "passthrough_20260503_140323.png",
          "passthrough_20260503_140326.png",
          "passthrough_20260503_140409.png"
        ]
      }
    },
    {
      "id": "obj_0012",
      "label": null,
      "score": 0.7608182430267334,
      "center_xyz": [
        -2.2697694301605225,
        2.305320978164673,
        -0.619498074054718
      ],
      "dims_lhw": [
        0.7581288814544678,
        0.20406247675418854,
        0.14780627191066742
      ],
      "R_3x3": [
        [
          0.39783143997192383,
          -0.0974079966545105,
          -0.9122732877731323
        ],
        [
          -0.02069828286767006,
          0.9931420087814331,
          -0.11506891995668411
        ],
        [
          0.9172253608703613,
          0.06465999782085419,
          0.39308664202690125
        ]
      ],
      "evidence": {
        "n_frames": 4,
        "best_frame": "passthrough_20260503_140405.png",
        "frames": [
          "passthrough_20260503_140304.png",
          "passthrough_20260503_140323.png",
          "passthrough_20260503_140405.png",
          "passthrough_20260503_140406.png"
        ]
      }
    },
    {
      "id": "obj_0013",
      "label": null,
      "score": 0.7481527328491211,
      "center_xyz": [
        1.583168387413025,
        1.680678367614746,
        0.4368852376937866
      ],
      "dims_lhw": [
        0.3266367018222809,
        0.4889606237411499,
        0.15297888219356537
      ],
      "R_3x3": [
        [
          0.934039294719696,
          0.03900099918246269,
          0.35503533482551575
        ],
        [
          -0.027905955910682678,
          0.9989510178565979,
          -0.03631997108459473
        ],
        [
          -0.3560788929462433,
          0.02401600033044815,
          0.9341468811035156
        ]
      ],
      "evidence": {
        "n_frames": 7,
        "best_frame": "passthrough_20260503_140315.png",
        "frames": [
          "passthrough_20260503_140312.png",
          "passthrough_20260503_140315.png",
          "passthrough_20260503_140330.png",
          "passthrough_20260503_140332.png",
          "passthrough_20260503_140421.png",
          "passthrough_20260503_140428.png",
          "passthrough_20260503_140430.png"
        ]
      }
    },
    {
      "id": "obj_0014",
      "label": null,
      "score": 0.7415900230407715,
      "center_xyz": [
        1.4026285409927368,
        1.6464159488677979,
        -0.71865314245224
      ],
      "dims_lhw": [
        0.36435389518737793,
        0.6054636240005493,
        0.13406682014465332
      ],
      "R_3x3": [
        [
          0.9450527429580688,
          0.12172500044107437,
          0.3034122586250305
        ],
        [
          0.023917295038700104,
          0.8998669981956482,
          -0.43550905585289
        ],
        [
          -0.3260428309440613,
          0.41883599758148193,
          0.8475099802017212
        ]
      ],
      "evidence": {
        "n_frames": 6,
        "best_frame": "passthrough_20260503_140312.png",
        "frames": [
          "passthrough_20260503_140312.png",
          "passthrough_20260503_140315.png",
          "passthrough_20260503_140330.png",
          "passthrough_20260503_140332.png",
          "passthrough_20260503_140423.png",
          "passthrough_20260503_140428.png"
        ]
      }
    },
    {
      "id": "obj_0015",
      "label": null,
      "score": 0.735758900642395,
      "center_xyz": [
        -2.1558310985565186,
        2.7253224849700928,
        -0.6017663478851318
      ],
      "dims_lhw": [
        0.4336589574813843,
        0.13713403046131134,
        0.27311310172080994
      ],
      "R_3x3": [
        [
          0.3796743154525757,
          -0.06023100018501282,
          -0.923157811164856
        ],
        [
          -0.19125191867351532,
          0.9712110161781311,
          -0.14202438294887543
        ],
        [
          0.9051359295845032,
          0.23047900199890137,
          0.3572242856025696
        ]
      ],
      "evidence": {
        "n_frames": 5,
        "best_frame": "passthrough_20260503_140326.png",
        "frames": [
          "passthrough_20260503_140323.png",
          "passthrough_20260503_140326.png",
          "passthrough_20260503_140405.png",
          "passthrough_20260503_140406.png",
          "passthrough_20260503_140409.png"
        ]
      }
    },
    {
      "id": "obj_0016",
      "label": null,
      "score": 0.7338290810585022,
      "center_xyz": [
        1.2732621431350708,
        2.1462886333465576,
        1.4450486898422241
      ],
      "dims_lhw": [
        0.5635114312171936,
        0.7600122094154358,
        0.10779047757387161
      ],
      "R_3x3": [
        [
          0.9295830726623535,
          0.03900099918246269,
          0.3665444552898407
        ],
        [
          -0.027455242350697517,
          0.9989510178565979,
          -0.036661867052316666
        ],
        [
          -0.3675892651081085,
          0.02401600033044815,
          0.9296777248382568
        ]
      ],
      "evidence": {
        "n_frames": 7,
        "best_frame": "passthrough_20260503_140315.png",
        "frames": [
          "passthrough_20260503_140312.png",
          "passthrough_20260503_140315.png",
          "passthrough_20260503_140317.png",
          "passthrough_20260503_140328.png",
          "passthrough_20260503_140330.png",
          "passthrough_20260503_140428.png",
          "passthrough_20260503_140430.png"
        ]
      }
    },
    {
      "id": "obj_0017",
      "label": null,
      "score": 0.721162736415863,
      "center_xyz": [
        1.311650276184082,
        2.318678379058838,
        -0.5943118333816528
      ],
      "dims_lhw": [
        0.17552995681762695,
        0.2925320267677307,
        0.272538423538208
      ],
      "R_3x3": [
        [
          0.9487078189849854,
          -0.060081999748945236,
          0.3103925287723541
        ],
        [
          -0.047651417553424835,
          0.943386971950531,
          0.3282548487186432
        ],
        [
          -0.31254228949546814,
          -0.32620900869369507,
          0.8921353816986084
        ]
      ],
      "evidence": {
        "n_frames": 2,
        "best_frame": "passthrough_20260503_140317.png",
        "frames": [
          "passthrough_20260503_140317.png",
          "passthrough_20260503_140330.png"
        ]
      }
    },
    {
      "id": "obj_0018",
      "label": null,
      "score": 0.6978909373283386,
      "center_xyz": [
        -0.7881485819816589,
        0.6331061720848083,
        0.5679514408111572
      ],
      "dims_lhw": [
        0.24128764867782593,
        0.3797041177749634,
        0.2818201184272766
      ],
      "R_3x3": [
        [
          0.6587044596672058,
          -0.546684980392456,
          -0.516956090927124
        ],
        [
          0.12449315190315247,
          0.7567949891090393,
          -0.6416879892349243
        ],
        [
          0.7420316934585571,
          0.3583250045776367,
          0.5665622353553772
        ]
      ],
      "evidence": {
        "n_frames": 4,
        "best_frame": "passthrough_20260503_140321.png",
        "frames": [
          "passthrough_20260503_140308.png",
          "passthrough_20260503_140321.png",
          "passthrough_20260503_140338.png",
          "passthrough_20260503_140417.png"
        ]
      }
    },
    {
      "id": "obj_0019",
      "label": null,
      "score": 0.6895214319229126,
      "center_xyz": [
        -0.5050643682479858,
        1.5591143369674683,
        -1.6713420152664185
      ],
      "dims_lhw": [
        0.04092096909880638,
        0.3472971022129059,
        0.35973644256591797
      ],
      "R_3x3": [
        [
          0.5232970118522644,
          -0.5641679763793945,
          -0.6386505365371704
        ],
        [
          -0.11910171806812286,
          0.6936789751052856,
          -0.7103697657585144
        ],
        [
          0.8437860012054443,
          0.4477989971637726,
          0.2958067059516907
        ]
      ],
      "evidence": {
        "n_frames": 2,
        "best_frame": "passthrough_20260503_140308.png",
        "frames": [
          "passthrough_20260503_140304.png",
          "passthrough_20260503_140308.png"
        ]
      }
    },
    {
      "id": "obj_0020",
      "label": null,
      "score": 0.6673663854598999,
      "center_xyz": [
        -1.2244539260864258,
        0.7453667521476746,
        0.716385006904602
      ],
      "dims_lhw": [
        0.3266558349132538,
        0.42264845967292786,
        0.33735987544059753
      ],
      "R_3x3": [
        [
          0.3934430181980133,
          -0.546684980392456,
          -0.7391466498374939
        ],
        [
          -0.14558708667755127,
          0.7567949891090393,
          -0.6372334361076355
        ],
        [
          0.9077489376068115,
          0.3583250045776367,
          0.21816468238830566
        ]
      ],
      "evidence": {
        "n_frames": 5,
        "best_frame": "passthrough_20260503_140321.png",
        "frames": [
          "passthrough_20260503_140304.png",
          "passthrough_20260503_140321.png",
          "passthrough_20260503_140326.png",
          "passthrough_20260503_140410.png",
          "passthrough_20260503_140417.png"
        ]
      }
    },
    {
      "id": "obj_0021",
      "label": null,
      "score": 0.6609485149383545,
      "center_xyz": [
        -0.8717079758644104,
        0.7621641159057617,
        -1.1432523727416992
      ],
      "dims_lhw": [
        0.17586204409599304,
        0.14820779860019684,
        0.22085382044315338
      ],
      "R_3x3": [
        [
          0.3478783965110779,
          -0.8321120142936707,
          -0.4319371283054352
        ],
        [
          0.2361469566822052,
          0.5236300230026245,
          -0.8185637593269348
        ],
        [
          0.9073125720024109,
          0.18276000022888184,
          0.3786594271659851
        ]
      ],
      "evidence": {
        "n_frames": 5,
        "best_frame": "passthrough_20260503_140340.png",
        "frames": [
          "passthrough_20260503_140304.png",
          "passthrough_20260503_140321.png",
          "passthrough_20260503_140340.png",
          "passthrough_20260503_140359.png",
          "passthrough_20260503_140401.png"
        ]
      }
    },
    {
      "id": "obj_0022",
      "label": null,
      "score": 0.6475794315338135,
      "center_xyz": [
        -1.6928400993347168,
        1.2272088527679443,
        0.5841018557548523
      ],
      "dims_lhw": [
        0.3491072654724121,
        0.12744227051734924,
        0.23770146071910858
      ],
      "R_3x3": [
        [
          0.4681655466556549,
          -0.546684980392456,
          -0.6942306160926819
        ],
        [
          -0.07853954285383224,
          0.7567949891090393,
          -0.6489171981811523
        ],
        [
          0.8801441192626953,
          0.3583250045776367,
          0.31136825680732727
        ]
      ],
      "evidence": {
        "n_frames": 5,
        "best_frame": "passthrough_20260503_140321.png",
        "frames": [
          "passthrough_20260503_140300.png",
          "passthrough_20260503_140321.png",
          "passthrough_20260503_140323.png",
          "passthrough_20260503_140326.png",
          "passthrough_20260503_140410.png"
        ]
      }
    },
    {
      "id": "obj_0023",
      "label": null,
      "score": 0.6156541705131531,
      "center_xyz": [
        -0.3848159611225128,
        1.8142789602279663,
        1.8711649179458618
      ],
      "dims_lhw": [
        1.3809583187103271,
        2.2140753269195557,
        0.6899929046630859
      ],
      "R_3x3": [
        [
          0.9156553149223328,
          0.11305800080299377,
          0.3857375979423523
        ],
        [
          -0.03876037150621414,
          0.9799929857254028,
          -0.19522368907928467
        ],
        [
          -0.40009114146232605,
          0.1638070046901703,
          0.901718020439148
        ]
      ],
      "evidence": {
        "n_frames": 3,
        "best_frame": "passthrough_20260503_140328.png",
        "frames": [
          "passthrough_20260503_140315.png",
          "passthrough_20260503_140326.png",
          "passthrough_20260503_140328.png"
        ]
      }
    },
    {
      "id": "obj_0024",
      "label": null,
      "score": 0.5690444707870483,
      "center_xyz": [
        1.031205415725708,
        1.0344210863113403,
        0.730874240398407
      ],
      "dims_lhw": [
        0.4141727089881897,
        0.19674904644489288,
        0.3738890588283539
      ],
      "R_3x3": [
        [
          0.7513834834098816,
          0.6553710103034973,
          0.07689407467842102
        ],
        [
          -0.4725080132484436,
          0.6157159805297852,
          -0.63057941198349
        ],
        [
          -0.4606081545352936,
          0.43747299909591675,
          0.7723067998886108
        ]
      ],
      "evidence": {
        "n_frames": 2,
        "best_frame": "passthrough_20260503_140336.png",
        "frames": [
          "passthrough_20260503_140336.png",
          "passthrough_20260503_140421.png"
        ]
      }
    },
    {
      "id": "obj_0025",
      "label": null,
      "score": 0.5590903162956238,
      "center_xyz": [
        -1.6270551681518555,
        1.065179705619812,
        -0.5123093724250793
      ],
      "dims_lhw": [
        0.1865169107913971,
        0.17682166397571564,
        0.1638549268245697
      ],
      "R_3x3": [
        [
          0.5166182518005371,
          -0.5877220034599304,
          -0.6226462721824646
        ],
        [
          -0.3426910638809204,
          0.5244899988174438,
          -0.779405415058136
        ],
        [
          0.7846454977989197,
          0.6160309910774231,
          0.06955436617136002
        ]
      ],
      "evidence": {
        "n_frames": 2,
        "best_frame": "passthrough_20260503_140412.png",
        "frames": [
          "passthrough_20260503_140410.png",
          "passthrough_20260503_140412.png"
        ]
      }
    }
  ]
}