{
  "room_id": "teste",
  "world_frame": {
    "anchor_uuid": null,
    "units": "meters",
    "convention": "unity_left_handed_y_up"
  },
  "created_at": "2026-05-03T17:51:38Z",
  "n_captures_used": 20,
  "n_captures_skipped": 0,
  "skipped_reasons": {},
  "objects": [
    {
      "id": "obj_0000",
      "label": null,
      "score": 0.8723625540733337,
      "center_xyz": [
        1.055121660232544,
        0.9753283262252808,
        -0.4936840236186981
      ],
      "dims_lhw": [
        0.5702774524688721,
        0.3478461503982544,
        0.446126788854599
      ],
      "R_3x3": [
        [
          0.13945478200912476,
          0.6553710103034973,
          0.7423221468925476
        ],
        [
          0.47060152888298035,
          0.6157159805297852,
          -0.6320034265518188
        ],
        [
          -0.8712562918663025,
          0.43747299909591675,
          -0.22255390882492065
        ]
      ],
      "evidence": {
        "n_frames": 2,
        "best_frame": "passthrough_20260503_140336.png",
        "frames": [
          "passthrough_20260503_140312.png",
          "passthrough_20260503_140336.png"
        ]
      }
    },
    {
      "id": "obj_0001",
      "label": null,
      "score": 0.8329744935035706,
      "center_xyz": [
        0.6077935695648193,
        1.1304831504821777,
        0.5878412127494812
      ],
      "dims_lhw": [
        0.4054119884967804,
        0.2352595329284668,
        0.46406519412994385
      ],
      "R_3x3": [
        [
          0.9118651747703552,
          0.11305800080299377,
          0.39461377263069153
        ],
        [
          -0.03686220571398735,
          0.9799929857254028,
          -0.19559098780155182
        ],
        [
          -0.40883126854896545,
          0.1638070046901703,
          0.8977891206741333
        ]
      ],
      "evidence": {
        "n_frames": 3,
        "best_frame": "passthrough_20260503_140328.png",
        "frames": [
          "passthrough_20260503_140312.png",
          "passthrough_20260503_140315.png",
          "passthrough_20260503_140328.png"
        ]
      }
    },
    {
      "id": "obj_0002",
      "label": null,
      "score": 0.8164047598838806,
      "center_xyz": [
        -1.610702395439148,
        1.0006159543991089,
        -0.17961665987968445
      ],
      "dims_lhw": [
        0.38279610872268677,
        0.2637397050857544,
        0.34580904245376587
      ],
      "R_3x3": [
        [
          0.4149481952190399,
          -0.04334399849176407,
          -0.9088125824928284
        ],
        [
          -0.12663580477237701,
          0.986391007900238,
          -0.10486292093992233
        ],
        [
          0.9009888172149658,
          0.15860100090503693,
          0.4038120210170746
        ]
      ],
      "evidence": {
        "n_frames": 8,
        "best_frame": "passthrough_20260503_140323.png",
        "frames": [
          "passthrough_20260503_140304.png",
          "passthrough_20260503_140308.png",
          "passthrough_20260503_140321.png",
          "passthrough_20260503_140323.png",
          "passthrough_20260503_140326.png",
          "passthrough_20260503_140338.png",
          "passthrough_20260503_140340.png",
          "passthrough_20260503_140401.png"
        ]
      }
    },
    {
      "id": "obj_0003",
      "label": null,
      "score": 0.7995652556419373,
      "center_xyz": [
        -1.2567294836044312,
        1.451357364654541,
        -1.4264256954193115
      ],
      "dims_lhw": [
        0.31078052520751953,
        0.3483869433403015,
        0.2828725576400757
      ],
      "R_3x3": [
        [
          -0.917630136013031,
          -0.24509300291538239,
          -0.3128677010536194
        ],
        [
          -0.1527838408946991,
          0.9442600011825562,
          -0.2916008532047272
        ],
        [
          0.36689695715904236,
          -0.21977999806404114,
          -0.9039271473884583
        ]
      ],
      "evidence": {
        "n_frames": 3,
        "best_frame": "passthrough_20260503_140355.png",
        "frames": [
          "passthrough_20260503_140323.png",
          "passthrough_20260503_140355.png",
          "passthrough_20260503_140405.png"
        ]
      }
    },
    {
      "id": "obj_0004",
      "label": null,
      "score": 0.798714816570282,
      "center_xyz": [
        -2.2029223442077637,
        1.8152214288711548,
        -0.6706938147544861
      ],
      "dims_lhw": [
        0.28011298179626465,
        0.30369076132774353,
        0.14203129708766937
      ],
      "R_3x3": [
        [
          0.2700454294681549,
          -0.06023100018501282,
          -0.9609622359275818
        ],
        [
          -0.20643310248851776,
          0.9712110161781311,
          -0.11888479441404343
        ],
        [
          0.9404582977294922,
          0.23047900199890137,
          0.24983708560466766
        ]
      ],
      "evidence": {
        "n_frames": 5,
        "best_frame": "passthrough_20260503_140326.png",
        "frames": [
          "passthrough_20260503_140300.png",
          "passthrough_20260503_140304.png",
          "passthrough_20260503_140323.png",
          "passthrough_20260503_140326.png",
          "passthrough_20260503_140405.png"
        ]
      }
    },
    {
      "id": "obj_0005",
      "label": null,
      "score": 0.7980932593345642,
      "center_xyz": [
        -1.3927063941955566,
        0.8385179042816162,
        -0.9526438117027283
      ],
      "dims_lhw": [
        0.31118497252464294,
        0.3047274053096771,
        0.5528408288955688
      ],
      "R_3x3": [
        [
          0.3745547831058502,
          -0.8468199968338013,
          -0.3776300251483917
        ],
        [
          0.6051204800605774,
          0.5318379998207092,
          -0.5924331545829773
        ],
        [
          0.7025231719017029,
          -0.006612999830394983,
          0.7116305828094482
        ]
      ],
      "evidence": {
        "n_frames": 6,
        "best_frame": "passthrough_20260503_140401.png",
        "frames": [
          "passthrough_20260503_140304.png",
          "passthrough_20260503_140308.png",
          "passthrough_20260503_140321.png",
          "passthrough_20260503_140326.png",
          "passthrough_20260503_140340.png",
          "passthrough_20260503_140401.png"
        ]
      }
    },
    {
      "id": "obj_0006",
      "label": null,
      "score": 0.7956899404525757,
      "center_xyz": [
        1.3742847442626953,
        2.3375086784362793,
        -0.6187061667442322
      ],
      "dims_lhw": [
        0.2980802357196808,
        0.30978095531463623,
        0.15989118814468384
      ],
      "R_3x3": [
        [
          -0.3654802143573761,
          0.05396199971437454,
          0.929253339767456
        ],
        [
          0.002918265527114272,
          0.9983800053596497,
          -0.05682823434472084
        ],
        [
          -0.9308151602745056,
          -0.01805800013244152,
          -0.36504554748535156
        ]
      ],
      "evidence": {
        "n_frames": 3,
        "best_frame": "passthrough_20260503_140332.png",
        "frames": [
          "passthrough_20260503_140317.png",
          "passthrough_20260503_140330.png",
          "passthrough_20260503_140332.png"
        ]
      }
    },
    {
      "id": "obj_0007",
      "label": null,
      "score": 0.784361720085144,
      "center_xyz": [
        -2.208162784576416,
        1.4463920593261719,
        -0.5385081768035889
      ],
      "dims_lhw": [
        0.6062065958976746,
        0.1791684329509735,
        0.11425770074129105
      ],
      "R_3x3": [
        [
          0.36975449323654175,
          -0.0974079966545105,
          -0.9240097999572754
        ],
        [
          -0.02420661598443985,
          0.9931420087814331,
          -0.1143823191523552
        ],
        [
          0.9288144707679749,
          0.06465999782085419,
          0.36486056447029114
        ]
      ],
      "evidence": {
        "n_frames": 4,
        "best_frame": "passthrough_20260503_140405.png",
        "frames": [
          "passthrough_20260503_140300.png",
          "passthrough_20260503_140321.png",
          "passthrough_20260503_140326.png",
          "passthrough_20260503_140405.png"
        ]
      }
    },
    {
      "id": "obj_0008",
      "label": null,
      "score": 0.7691361904144287,
      "center_xyz": [
        1.3684102296829224,
        1.7404640913009644,
        -0.045912135392427444
      ],
      "dims_lhw": [
        0.05405596271157265,
        0.6098597049713135,
        0.45197921991348267
      ],
      "R_3x3": [
        [
          0.9207504987716675,
          0.03900099918246269,
          0.3881984055042267
        ],
        [
          -0.026589754968881607,
          0.9989510178565979,
          -0.03729433938860893
        ],
        [
          -0.3892451822757721,
          0.02401600033044815,
          0.9208207130432129
        ]
      ],
      "evidence": {
        "n_frames": 3,
        "best_frame": "passthrough_20260503_140315.png",
        "frames": [
          "passthrough_20260503_140312.png",
          "passthrough_20260503_140315.png",
          "passthrough_20260503_140330.png"
        ]
      }
    },
    {
      "id": "obj_0009",
      "label": null,
      "score": 0.768220067024231,
      "center_xyz": [
        -1.8915798664093018,
        2.2455501556396484,
        0.6515530347824097
      ],
      "dims_lhw": [
        1.377689003944397,
        0.6757832169532776,
        0.10374660044908524
      ],
      "R_3x3": [
        [
          0.3145647346973419,
          -0.04334399849176407,
          -0.9482464790344238
        ],
        [
          -0.13720163702964783,
          0.986391007900238,
          -0.09060116857290268
        ],
        [
          0.9392678737640381,
          0.15860100090503693,
          0.3043368458747864
        ]
      ],
      "evidence": {
        "n_frames": 4,
        "best_frame": "passthrough_20260503_140323.png",
        "frames": [
          "passthrough_20260503_140300.png",
          "passthrough_20260503_140304.png",
          "passthrough_20260503_140323.png",
          "passthrough_20260503_140326.png"
        ]
      }
    },
    {
      "id": "obj_0010",
      "label": null,
      "score": 0.7608182430267334,
      "center_xyz": [
        -2.2477829456329346,
        2.1924667358398438,
        -0.6531124711036682
      ],
      "dims_lhw": [
        0.7841631770133972,
        0.19838060438632965,
        0.13000695407390594
      ],
      "R_3x3": [
        [
          0.39783143997192383,
          -0.0974079966545105,
          -0.9122732877731323
        ],
        [
          -0.02069828286767006,
          0.9931420087814331,
          -0.11506891995668411
        ],
        [
          0.9172253608703613,
          0.06465999782085419,
          0.39308664202690125
        ]
      ],
      "evidence": {
        "n_frames": 3,
        "best_frame": "passthrough_20260503_140405.png",
        "frames": [
          "passthrough_20260503_140304.png",
          "passthrough_20260503_140323.png",
          "passthrough_20260503_140405.png"
        ]
      }
    },
    {
      "id": "obj_0011",
      "label": null,
      "score": 0.7481527328491211,
      "center_xyz": [
        1.519425868988037,
        1.8452248573303223,
        0.5352123379707336
      ],
      "dims_lhw": [
        0.05303378030657768,
        0.5867770314216614,
        0.4154379069805145
      ],
      "R_3x3": [
        [
          0.934039294719696,
          0.03900099918246269,
          0.35503533482551575
        ],
        [
          -0.027905955910682678,
          0.9989510178565979,
          -0.03631997108459473
        ],
        [
          -0.3560788929462433,
          0.02401600033044815,
          0.9341468811035156
        ]
      ],
      "evidence": {
        "n_frames": 3,
        "best_frame": "passthrough_20260503_140315.png",
        "frames": [
          "passthrough_20260503_140312.png",
          "passthrough_20260503_140315.png",
          "passthrough_20260503_140330.png"
        ]
      }
    },
    {
      "id": "obj_0012",
      "label": null,
      "score": 0.7415900230407715,
      "center_xyz": [
        1.345327615737915,
        1.622304081916809,
        -0.6573700308799744
      ],
      "dims_lhw": [
        0.3906497359275818,
        0.6265583038330078,
        0.18386277556419373
      ],
      "R_3x3": [
        [
          0.9450527429580688,
          0.12172500044107437,
          0.3034122586250305
        ],
        [
          0.023917295038700104,
          0.8998669981956482,
          -0.43550905585289
        ],
        [
          -0.3260428309440613,
          0.41883599758148193,
          0.8475099802017212
        ]
      ],
      "evidence": {
        "n_frames": 4,
        "best_frame": "passthrough_20260503_140312.png",
        "frames": [
          "passthrough_20260503_140312.png",
          "passthrough_20260503_140315.png",
          "passthrough_20260503_140330.png",
          "passthrough_20260503_140332.png"
        ]
      }
    },
    {
      "id": "obj_0013",
      "label": null,
      "score": 0.7338290810585022,
      "center_xyz": [
        1.223422646522522,
        2.1680490970611572,
        1.4406239986419678
      ],
      "dims_lhw": [
        0.541793167591095,
        0.7208055853843689,
        0.10743161290884018
      ],
      "R_3x3": [
        [
          0.9295830726623535,
          0.03900099918246269,
          0.3665444552898407
        ],
        [
          -0.027455242350697517,
          0.9989510178565979,
          -0.036661867052316666
        ],
        [
          -0.3675892651081085,
          0.02401600033044815,
          0.9296777248382568
        ]
      ],
      "evidence": {
        "n_frames": 5,
        "best_frame": "passthrough_20260503_140315.png",
        "frames": [
          "passthrough_20260503_140312.png",
          "passthrough_20260503_140315.png",
          "passthrough_20260503_140317.png",
          "passthrough_20260503_140328.png",
          "passthrough_20260503_140330.png"
        ]
      }
    },
    {
      "id": "obj_0014",
      "label": null,
      "score": 0.6978909373283386,
      "center_xyz": [
        -0.8233745098114014,
        0.6191763877868652,
        0.5921406149864197
      ],
      "dims_lhw": [
        0.2455407977104187,
        0.4120495617389679,
        0.28570669889450073
      ],
      "R_3x3": [
        [
          0.6587044596672058,
          -0.546684980392456,
          -0.516956090927124
        ],
        [
          0.12449315190315247,
          0.7567949891090393,
          -0.6416879892349243
        ],
        [
          0.7420316934585571,
          0.3583250045776367,
          0.5665622353553772
        ]
      ],
      "evidence": {
        "n_frames": 3,
        "best_frame": "passthrough_20260503_140321.png",
        "frames": [
          "passthrough_20260503_140308.png",
          "passthrough_20260503_140321.png",
          "passthrough_20260503_140338.png"
        ]
      }
    },
    {
      "id": "obj_0015",
      "label": null,
      "score": 0.6895214319229126,
      "center_xyz": [
        -0.5050643682479858,
        1.5591143369674683,
        -1.6713420152664185
      ],
      "dims_lhw": [
        0.04092096909880638,
        0.3472971022129059,
        0.35973644256591797
      ],
      "R_3x3": [
        [
          0.5232970118522644,
          -0.5641679763793945,
          -0.6386505365371704
        ],
        [
          -0.11910171806812286,
          0.6936789751052856,
          -0.7103697657585144
        ],
        [
          0.8437860012054443,
          0.4477989971637726,
          0.2958067059516907
        ]
      ],
      "evidence": {
        "n_frames": 2,
        "best_frame": "passthrough_20260503_140308.png",
        "frames": [
          "passthrough_20260503_140304.png",
          "passthrough_20260503_140308.png"
        ]
      }
    },
    {
      "id": "obj_0016",
      "label": null,
      "score": 0.6673663854598999,
      "center_xyz": [
        -1.3361461162567139,
        0.7660538554191589,
        0.7327682375907898
      ],
      "dims_lhw": [
        0.36386117339134216,
        0.4661818742752075,
        0.34012487530708313
      ],
      "R_3x3": [
        [
          0.3934430181980133,
          -0.546684980392456,
          -0.7391466498374939
        ],
        [
          -0.14558708667755127,
          0.7567949891090393,
          -0.6372334361076355
        ],
        [
          0.9077489376068115,
          0.3583250045776367,
          0.21816468238830566
        ]
      ],
      "evidence": {
        "n_frames": 3,
        "best_frame": "passthrough_20260503_140321.png",
        "frames": [
          "passthrough_20260503_140304.png",
          "passthrough_20260503_140321.png",
          "passthrough_20260503_140326.png"
        ]
      }
    },
    {
      "id": "obj_0017",
      "label": null,
      "score": 0.6609485149383545,
      "center_xyz": [
        -0.8717079758644104,
        0.7621641159057617,
        -1.1432523727416992
      ],
      "dims_lhw": [
        0.17586204409599304,
        0.14820779860019684,
        0.22085382044315338
      ],
      "R_3x3": [
        [
          0.3478783965110779,
          -0.8321120142936707,
          -0.4319371283054352
        ],
        [
          0.2361469566822052,
          0.5236300230026245,
          -0.8185637593269348
        ],
        [
          0.9073125720024109,
          0.18276000022888184,
          0.3786594271659851
        ]
      ],
      "evidence": {
        "n_frames": 5,
        "best_frame": "passthrough_20260503_140340.png",
        "frames": [
          "passthrough_20260503_140304.png",
          "passthrough_20260503_140321.png",
          "passthrough_20260503_140340.png",
          "passthrough_20260503_140359.png",
          "passthrough_20260503_140401.png"
        ]
      }
    },
    {
      "id": "obj_0018",
      "label": null,
      "score": 0.6591313481330872,
      "center_xyz": [
        -2.2144594192504883,
        2.5919857025146484,
        -0.5915666818618774
      ],
      "dims_lhw": [
        0.4198305010795593,
        0.1492134928703308,
        0.13536088168621063
      ],
      "R_3x3": [
        [
          0.29889917373657227,
          -0.04334399849176407,
          -0.953300416469574
        ],
        [
          -0.138675719499588,
          0.986391007900238,
          -0.08832839876413345
        ],
        [
          0.9441545009613037,
          0.15860100090503693,
          0.2888205647468567
        ]
      ],
      "evidence": {
        "n_frames": 2,
        "best_frame": "passthrough_20260503_140323.png",
        "frames": [
          "passthrough_20260503_140323.png",
          "passthrough_20260503_140405.png"
        ]
      }
    },
    {
      "id": "obj_0019",
      "label": null,
      "score": 0.6475794315338135,
      "center_xyz": [
        -1.5447595119476318,
        1.2348042726516724,
        0.529509961605072
      ],
      "dims_lhw": [
        0.42440035939216614,
        0.15325424075126648,
        0.28801605105400085
      ],
      "R_3x3": [
        [
          0.4681655466556549,
          -0.546684980392456,
          -0.6942306160926819
        ],
        [
          -0.07853954285383224,
          0.7567949891090393,
          -0.6489171981811523
        ],
        [
          0.8801441192626953,
          0.3583250045776367,
          0.31136825680732727
        ]
      ],
      "evidence": {
        "n_frames": 3,
        "best_frame": "passthrough_20260503_140321.png",
        "frames": [
          "passthrough_20260503_140321.png",
          "passthrough_20260503_140323.png",
          "passthrough_20260503_140326.png"
        ]
      }
    },
    {
      "id": "obj_0020",
      "label": null,
      "score": 0.6156541705131531,
      "center_xyz": [
        -0.3848159611225128,
        1.8142789602279663,
        1.8711649179458618
      ],
      "dims_lhw": [
        1.3809583187103271,
        2.2140753269195557,
        0.6899929046630859
      ],
      "R_3x3": [
        [
          0.9156553149223328,
          0.11305800080299377,
          0.3857375979423523
        ],
        [
          -0.03876037150621414,
          0.9799929857254028,
          -0.19522368907928467
        ],
        [
          -0.40009114146232605,
          0.1638070046901703,
          0.901718020439148
        ]
      ],
      "evidence": {
        "n_frames": 3,
        "best_frame": "passthrough_20260503_140328.png",
        "frames": [
          "passthrough_20260503_140315.png",
          "passthrough_20260503_140326.png",
          "passthrough_20260503_140328.png"
        ]
      }
    },
    {
      "id": "obj_0021",
      "label": null,
      "score": 0.5690444707870483,
      "center_xyz": [
        1.1589550971984863,
        1.060138463973999,
        0.5828784704208374
      ],
      "dims_lhw": [
        0.23815196752548218,
        0.15363873541355133,
        0.2994237542152405
      ],
      "R_3x3": [
        [
          0.7513834834098816,
          0.6553710103034973,
          0.07689407467842102
        ],
        [
          -0.4725080132484436,
          0.6157159805297852,
          -0.63057941198349
        ],
        [
          -0.4606081545352936,
          0.43747299909591675,
          0.7723067998886108
        ]
      ],
      "evidence": {
        "n_frames": 2,
        "best_frame": "passthrough_20260503_140336.png",
        "frames": [
          "passthrough_20260503_140315.png",
          "passthrough_20260503_140336.png"
        ]
      }
    }
  ]
}