{
  "room_id": "teste",
  "world_frame": {
    "anchor_uuid": null,
    "units": "meters",
    "convention": "unity_left_handed_y_up"
  },
  "created_at": "2026-05-03T18:01:15Z",
  "n_captures_used": 85,
  "n_captures_skipped": 0,
  "skipped_reasons": {},
  "objects": [
    {
      "id": "obj_0000",
      "label": null,
      "score": 0.9137587547302246,
      "center_xyz": [
        0.6076443791389465,
        0.8273135423660278,
        -0.22225837409496307
      ],
      "dims_lhw": [
        0.5935912132263184,
        0.20403678715229034,
        0.6528896689414978
      ],
      "R_3x3": [
        [
          -0.9599064588546753,
          0.14925700426101685,
          -0.23728279769420624
        ],
        [
          0.2208709865808487,
          0.9239400029182434,
          -0.3123307228088379
        ],
        [
          0.17261731624603271,
          -0.3522169888019562,
          -0.9198626279830933
        ]
      ],
      "evidence": {
        "n_frames": 21,
        "best_frame": "passthrough_20260503_140545.png",
        "frames": [
          "passthrough_20260503_140312.png",
          "passthrough_20260503_140315.png",
          "passthrough_20260503_140336.png",
          "passthrough_20260503_140421.png",
          "passthrough_20260503_140423.png",
          "passthrough_20260503_140426.png",
          "passthrough_20260503_140432.png",
          "passthrough_20260503_140459.png",
          "passthrough_20260503_140505.png",
          "passthrough_20260503_140510.png",
          "passthrough_20260503_140511.png",
          "passthrough_20260503_140541.png",
          "passthrough_20260503_140542.png",
          "passthrough_20260503_140545.png",
          "passthrough_20260503_140547.png",
          "passthrough_20260503_140550.png",
          "passthrough_20260503_140551.png",
          "passthrough_20260503_140608.png",
          "passthrough_20260503_140609.png",
          "passthrough_20260503_140614.png",
          "passthrough_20260503_140616.png"
        ]
      }
    },
    {
      "id": "obj_0001",
      "label": null,
      "score": 0.8746431469917297,
      "center_xyz": [
        -1.5888416767120361,
        0.953316867351532,
        0.216164231300354
      ],
      "dims_lhw": [
        0.2336135357618332,
        0.10648272931575775,
        0.2514127492904663
      ],
      "R_3x3": [
        [
          0.31054621934890747,
          -0.5296710133552551,
          -0.7893099188804626
        ],
        [
          -0.20863750576972961,
          0.772134006023407,
          -0.600232720375061
        ],
        [
          0.9273789525032043,
          0.35107898712158203,
          0.12927444279193878
        ]
      ],
      "evidence": {
        "n_frames": 12,
        "best_frame": "passthrough_20260503_140449.png",
        "frames": [
          "passthrough_20260503_140321.png",
          "passthrough_20260503_140323.png",
          "passthrough_20260503_140445.png",
          "passthrough_20260503_140449.png",
          "passthrough_20260503_140450.png",
          "passthrough_20260503_140523.png",
          "passthrough_20260503_140529.png",
          "passthrough_20260503_140530.png",
          "passthrough_20260503_140600.png",
          "passthrough_20260503_140601.png",
          "passthrough_20260503_140608.png",
          "passthrough_20260503_140609.png"
        ]
      }
    },
    {
      "id": "obj_0002",
      "label": null,
      "score": 0.870377779006958,
      "center_xyz": [
        -2.1446211338043213,
        2.785952568054199,
        -0.5494371056556702
      ],
      "dims_lhw": [
        0.4279123544692993,
        0.14879921078681946,
        0.3411952555179596
      ],
      "R_3x3": [
        [
          0.32461708784103394,
          0.19788900017738342,
          -0.9249135255813599
        ],
        [
          -0.22843140363693237,
          0.9653249979019165,
          0.1263628602027893
        ],
        [
          0.9178475141525269,
          0.1702599972486496,
          0.3585653603076935
        ]
      ],
      "evidence": {
        "n_frames": 8,
        "best_frame": "passthrough_20260503_140446.png",
        "frames": [
          "passthrough_20260503_140323.png",
          "passthrough_20260503_140326.png",
          "passthrough_20260503_140405.png",
          "passthrough_20260503_140406.png",
          "passthrough_20260503_140409.png",
          "passthrough_20260503_140446.png",
          "passthrough_20260503_140525.png",
          "passthrough_20260503_140527.png"
        ]
      }
    },
    {
      "id": "obj_0003",
      "label": null,
      "score": 0.8681738972663879,
      "center_xyz": [
        1.0993292331695557,
        0.9191250801086426,
        -0.5248100161552429
      ],
      "dims_lhw": [
        0.47504696249961853,
        0.27580031752586365,
        0.44813206791877747
      ],
      "R_3x3": [
        [
          0.07605389505624771,
          0.7533789873123169,
          0.653174102306366
        ],
        [
          0.20175126194953918,
          0.6298949718475342,
          -0.7500193119049072
        ],
        [
          -0.9764801859855652,
          0.1888210028409958,
          -0.10408901423215866
        ]
      ],
      "evidence": {
        "n_frames": 3,
        "best_frame": "passthrough_20260503_140426.png",
        "frames": [
          "passthrough_20260503_140312.png",
          "passthrough_20260503_140336.png",
          "passthrough_20260503_140426.png"
        ]
      }
    },
    {
      "id": "obj_0004",
      "label": null,
      "score": 0.8598317503929138,
      "center_xyz": [
        -1.2916308641433716,
        0.9128159880638123,
        -0.1881590038537979
      ],
      "dims_lhw": [
        0.3772268295288086,
        0.22316290438175201,
        0.33805760741233826
      ],
      "R_3x3": [
        [
          0.29705700278282166,
          -0.04334399849176407,
          -0.9538760185241699
        ],
        [
          -0.13884609937667847,
          0.986391007900238,
          -0.08806034177541733
        ],
        [
          0.9447106719017029,
          0.15860100090503693,
          0.28699609637260437
        ]
      ],
      "evidence": {
        "n_frames": 21,
        "best_frame": "passthrough_20260503_140323.png",
        "frames": [
          "passthrough_20260503_140304.png",
          "passthrough_20260503_140308.png",
          "passthrough_20260503_140321.png",
          "passthrough_20260503_140323.png",
          "passthrough_20260503_140326.png",
          "passthrough_20260503_140338.png",
          "passthrough_20260503_140340.png",
          "passthrough_20260503_140410.png",
          "passthrough_20260503_140412.png",
          "passthrough_20260503_140445.png",
          "passthrough_20260503_140450.png",
          "passthrough_20260503_140520.png",
          "passthrough_20260503_140523.png",
          "passthrough_20260503_140529.png",
          "passthrough_20260503_140530.png",
          "passthrough_20260503_140550.png",
          "passthrough_20260503_140551.png",
          "passthrough_20260503_140600.png",
          "passthrough_20260503_140601.png",
          "passthrough_20260503_140608.png",
          "passthrough_20260503_140609.png"
        ]
      }
    },
    {
      "id": "obj_0005",
      "label": null,
      "score": 0.859677255153656,
      "center_xyz": [
        -0.8875008225440979,
        0.954377293586731,
        -1.2097214460372925
      ],
      "dims_lhw": [
        0.23887774348258972,
        0.1667124181985855,
        0.285692423582077
      ],
      "R_3x3": [
        [
          -0.9538527131080627,
          -0.20908600091934204,
          -0.21552003920078278
        ],
        [
          -0.11816474050283432,
          0.9211969971656799,
          -0.37072041630744934
        ],
        [
          0.276047945022583,
          -0.3281460106372833,
          -0.9033932089805603
        ]
      ],
      "evidence": {
        "n_frames": 20,
        "best_frame": "passthrough_20260503_140523.png",
        "frames": [
          "passthrough_20260503_140304.png",
          "passthrough_20260503_140308.png",
          "passthrough_20260503_140321.png",
          "passthrough_20260503_140340.png",
          "passthrough_20260503_140359.png",
          "passthrough_20260503_140401.png",
          "passthrough_20260503_140439.png",
          "passthrough_20260503_140443.png",
          "passthrough_20260503_140511.png",
          "passthrough_20260503_140520.png",
          "passthrough_20260503_140523.png",
          "passthrough_20260503_140544.png",
          "passthrough_20260503_140545.png",
          "passthrough_20260503_140547.png",
          "passthrough_20260503_140550.png",
          "passthrough_20260503_140551.png",
          "passthrough_20260503_140600.png",
          "passthrough_20260503_140601.png",
          "passthrough_20260503_140604.png",
          "passthrough_20260503_140617.png"
        ]
      }
    },
    {
      "id": "obj_0006",
      "label": null,
      "score": 0.848556399345398,
      "center_xyz": [
        0.849094808101654,
        1.0597693920135498,
        0.7772448658943176
      ],
      "dims_lhw": [
        0.419711172580719,
        0.22486098110675812,
        0.34604793787002563
      ],
      "R_3x3": [
        [
          0.9374489784240723,
          0.09336099773645401,
          0.33537134528160095
        ],
        [
          -0.051801931113004684,
          0.9900529980659485,
          -0.13081373274326324
        ],
        [
          -0.34424835443496704,
          0.10525800287723541,
          0.932960033416748
        ]
      ],
      "evidence": {
        "n_frames": 12,
        "best_frame": "passthrough_20260503_140430.png",
        "frames": [
          "passthrough_20260503_140312.png",
          "passthrough_20260503_140315.png",
          "passthrough_20260503_140328.png",
          "passthrough_20260503_140336.png",
          "passthrough_20260503_140417.png",
          "passthrough_20260503_140421.png",
          "passthrough_20260503_140430.png",
          "passthrough_20260503_140432.png",
          "passthrough_20260503_140456.png",
          "passthrough_20260503_140457.png",
          "passthrough_20260503_140459.png",
          "passthrough_20260503_140541.png"
        ]
      }
    },
    {
      "id": "obj_0007",
      "label": null,
      "score": 0.8444259166717529,
      "center_xyz": [
        0.19492563605308533,
        1.6792683601379395,
        -2.150766134262085
      ],
      "dims_lhw": [
        0.5814207792282104,
        1.3005424737930298,
        0.08982803672552109
      ],
      "R_3x3": [
        [
          -0.968358039855957,
          -0.04241099953651428,
          -0.24593758583068848
        ],
        [
          -0.07277389615774155,
          0.9906129837036133,
          0.11571209132671356
        ],
        [
          0.23872129619121552,
          0.12994900345802307,
          -0.9623548984527588
        ]
      ],
      "evidence": {
        "n_frames": 13,
        "best_frame": "passthrough_20260503_140604.png",
        "frames": [
          "passthrough_20260503_140439.png",
          "passthrough_20260503_140441.png",
          "passthrough_20260503_140509.png",
          "passthrough_20260503_140510.png",
          "passthrough_20260503_140523.png",
          "passthrough_20260503_140525.png",
          "passthrough_20260503_140544.png",
          "passthrough_20260503_140545.png",
          "passthrough_20260503_140551.png",
          "passthrough_20260503_140601.png",
          "passthrough_20260503_140604.png",
          "passthrough_20260503_140608.png",
          "passthrough_20260503_140617.png"
        ]
      }
    },
    {
      "id": "obj_0008",
      "label": null,
      "score": 0.8358674645423889,
      "center_xyz": [
        -2.1925299167633057,
        1.8819862604141235,
        -0.7500683665275574
      ],
      "dims_lhw": [
        0.35231301188468933,
        0.315507173538208,
        0.18721339106559753
      ],
      "R_3x3": [
        [
          0.3126369118690491,
          0.19788900017738342,
          -0.9290314316749573
        ],
        [
          -0.2267792820930481,
          0.9653249979019165,
          0.1293044239282608
        ],
        [
          0.9224047660827637,
          0.1702599972486496,
          0.3466736376285553
        ]
      ],
      "evidence": {
        "n_frames": 13,
        "best_frame": "passthrough_20260503_140446.png",
        "frames": [
          "passthrough_20260503_140300.png",
          "passthrough_20260503_140304.png",
          "passthrough_20260503_140323.png",
          "passthrough_20260503_140326.png",
          "passthrough_20260503_140405.png",
          "passthrough_20260503_140409.png",
          "passthrough_20260503_140445.png",
          "passthrough_20260503_140446.png",
          "passthrough_20260503_140523.png",
          "passthrough_20260503_140525.png",
          "passthrough_20260503_140527.png",
          "passthrough_20260503_140601.png",
          "passthrough_20260503_140602.png"
        ]
      }
    },
    {
      "id": "obj_0009",
      "label": null,
      "score": 0.8112536668777466,
      "center_xyz": [
        -2.0738608837127686,
        2.664898157119751,
        -0.8142872452735901
      ],
      "dims_lhw": [
        0.3169815242290497,
        0.11095811426639557,
        0.313192754983902
      ],
      "R_3x3": [
        [
          -0.9895632266998291,
          -0.0504320003092289,
          -0.13498841226100922
        ],
        [
          -0.08022890985012054,
          0.9709630012512207,
          0.2253768891096115
        ],
        [
          0.11970283836126328,
          0.2338549941778183,
          -0.9648756384849548
        ]
      ],
      "evidence": {
        "n_frames": 3,
        "best_frame": "passthrough_20260503_140442.png",
        "frames": [
          "passthrough_20260503_140442.png",
          "passthrough_20260503_140446.png",
          "passthrough_20260503_140525.png"
        ]
      }
    },
    {
      "id": "obj_0010",
      "label": null,
      "score": 0.8084731101989746,
      "center_xyz": [
        1.408935785293579,
        2.4834728240966797,
        -0.49949169158935547
      ],
      "dims_lhw": [
        0.21329887211322784,
        0.2910558581352234,
        0.11725383996963501
      ],
      "R_3x3": [
        [
          -0.28623512387275696,
          -0.1157509982585907,
          0.9511419534683228
        ],
        [
          -0.000257877167314291,
          0.9926850199699402,
          0.12072886526584625
        ],
        [
          -0.9581597447395325,
          0.034311000257730484,
          -0.2841709554195404
        ]
      ],
      "evidence": {
        "n_frames": 7,
        "best_frame": "passthrough_20260503_140544.png",
        "frames": [
          "passthrough_20260503_140317.png",
          "passthrough_20260503_140543.png",
          "passthrough_20260503_140544.png",
          "passthrough_20260503_140604.png",
          "passthrough_20260503_140614.png",
          "passthrough_20260503_140616.png",
          "passthrough_20260503_140617.png"
        ]
      }
    },
    {
      "id": "obj_0011",
      "label": null,
      "score": 0.7995652556419373,
      "center_xyz": [
        -1.1433225870132446,
        1.759789228439331,
        -1.6150356531143188
      ],
      "dims_lhw": [
        0.5598436594009399,
        0.2514208257198334,
        0.11305011063814163
      ],
      "R_3x3": [
        [
          -0.917630136013031,
          -0.24509300291538239,
          -0.3128677010536194
        ],
        [
          -0.1527838408946991,
          0.9442600011825562,
          -0.2916008532047272
        ],
        [
          0.36689695715904236,
          -0.21977999806404114,
          -0.9039271473884583
        ]
      ],
      "evidence": {
        "n_frames": 8,
        "best_frame": "passthrough_20260503_140355.png",
        "frames": [
          "passthrough_20260503_140355.png",
          "passthrough_20260503_140443.png",
          "passthrough_20260503_140551.png",
          "passthrough_20260503_140601.png",
          "passthrough_20260503_140602.png",
          "passthrough_20260503_140604.png",
          "passthrough_20260503_140608.png",
          "passthrough_20260503_140617.png"
        ]
      }
    },
    {
      "id": "obj_0012",
      "label": null,
      "score": 0.798714816570282,
      "center_xyz": [
        -2.1031334400177,
        1.8831113576889038,
        -0.18854597210884094
      ],
      "dims_lhw": [
        0.47007790207862854,
        0.5679914355278015,
        0.4179103970527649
      ],
      "R_3x3": [
        [
          0.2700454294681549,
          -0.06023100018501282,
          -0.9609622359275818
        ],
        [
          -0.20643310248851776,
          0.9712110161781311,
          -0.11888479441404343
        ],
        [
          0.9404582977294922,
          0.23047900199890137,
          0.24983708560466766
        ]
      ],
      "evidence": {
        "n_frames": 5,
        "best_frame": "passthrough_20260503_140326.png",
        "frames": [
          "passthrough_20260503_140300.png",
          "passthrough_20260503_140326.png",
          "passthrough_20260503_140409.png",
          "passthrough_20260503_140527.png",
          "passthrough_20260503_140602.png"
        ]
      }
    },
    {
      "id": "obj_0013",
      "label": null,
      "score": 0.7956899404525757,
      "center_xyz": [
        1.573685884475708,
        2.460620164871216,
        -0.7082904577255249
      ],
      "dims_lhw": [
        0.257460355758667,
        0.32310938835144043,
        0.08759567886590958
      ],
      "R_3x3": [
        [
          -0.3654802143573761,
          0.05396199971437454,
          0.929253339767456
        ],
        [
          0.002918265527114272,
          0.9983800053596497,
          -0.05682823434472084
        ],
        [
          -0.9308151602745056,
          -0.01805800013244152,
          -0.36504554748535156
        ]
      ],
      "evidence": {
        "n_frames": 4,
        "best_frame": "passthrough_20260503_140332.png",
        "frames": [
          "passthrough_20260503_140332.png",
          "passthrough_20260503_140428.png",
          "passthrough_20260503_140542.png",
          "passthrough_20260503_140608.png"
        ]
      }
    },
    {
      "id": "obj_0014",
      "label": null,
      "score": 0.7887268662452698,
      "center_xyz": [
        0.6247230172157288,
        0.7959374189376831,
        0.34148332476615906
      ],
      "dims_lhw": [
        0.2329888641834259,
        0.08799318969249725,
        0.2537517547607422
      ],
      "R_3x3": [
        [
          -0.10634687542915344,
          0.5446550250053406,
          0.8318895697593689
        ],
        [
          0.3146175742149353,
          0.8120819926261902,
          -0.4914664924144745
        ],
        [
          -0.9432420134544373,
          0.2094620019197464,
          -0.25772035121917725
        ]
      ],
      "evidence": {
        "n_frames": 2,
        "best_frame": "passthrough_20260503_140459.png",
        "frames": [
          "passthrough_20260503_140459.png",
          "passthrough_20260503_140505.png"
        ]
      }
    },
    {
      "id": "obj_0015",
      "label": null,
      "score": 0.784361720085144,
      "center_xyz": [
        -2.260505437850952,
        1.5413399934768677,
        -0.5965976715087891
      ],
      "dims_lhw": [
        0.5829322934150696,
        0.273037850856781,
        0.1494956761598587
      ],
      "R_3x3": [
        [
          0.36975449323654175,
          -0.0974079966545105,
          -0.9240097999572754
        ],
        [
          -0.02420661598443985,
          0.9931420087814331,
          -0.1143823191523552
        ],
        [
          0.9288144707679749,
          0.06465999782085419,
          0.36486056447029114
        ]
      ],
      "evidence": {
        "n_frames": 7,
        "best_frame": "passthrough_20260503_140405.png",
        "frames": [
          "passthrough_20260503_140300.png",
          "passthrough_20260503_140304.png",
          "passthrough_20260503_140321.png",
          "passthrough_20260503_140405.png",
          "passthrough_20260503_140409.png",
          "passthrough_20260503_140410.png",
          "passthrough_20260503_140445.png"
        ]
      }
    },
    {
      "id": "obj_0016",
      "label": null,
      "score": 0.784103274345398,
      "center_xyz": [
        -1.729509949684143,
        2.137143850326538,
        0.8986349701881409
      ],
      "dims_lhw": [
        0.8833016753196716,
        0.8255034685134888,
        0.08974311500787735
      ],
      "R_3x3": [
        [
          0.31541451811790466,
          0.13194100558757782,
          -0.939736545085907
        ],
        [
          -0.0970325917005539,
          0.9895809888839722,
          0.1063709557056427
        ],
        [
          0.9439796805381775,
          0.05763399973511696,
          0.32493099570274353
        ]
      ],
      "evidence": {
        "n_frames": 9,
        "best_frame": "passthrough_20260503_140448.png",
        "frames": [
          "passthrough_20260503_140300.png",
          "passthrough_20260503_140304.png",
          "passthrough_20260503_140323.png",
          "passthrough_20260503_140326.png",
          "passthrough_20260503_140409.png",
          "passthrough_20260503_140435.png",
          "passthrough_20260503_140448.png",
          "passthrough_20260503_140453.png",
          "passthrough_20260503_140533.png"
        ]
      }
    },
    {
      "id": "obj_0017",
      "label": null,
      "score": 0.7793079614639282,
      "center_xyz": [
        1.6897623538970947,
        2.42449688911438,
        -0.29399824142456055
      ],
      "dims_lhw": [
        0.22893255949020386,
        0.3298848569393158,
        0.08406050503253937
      ],
      "R_3x3": [
        [
          -0.31990399956703186,
          -0.05051799863576889,
          0.9461023807525635
        ],
        [
          -0.14092490077018738,
          0.9900069832801819,
          0.005211944691836834
        ],
        [
          -0.9369106888771057,
          -0.13166199624538422,
          -0.3238257169723511
        ]
      ],
      "evidence": {
        "n_frames": 3,
        "best_frame": "passthrough_20260503_140428.png",
        "frames": [
          "passthrough_20260503_140428.png",
          "passthrough_20260503_140500.png",
          "passthrough_20260503_140506.png"
        ]
      }
    },
    {
      "id": "obj_0018",
      "label": null,
      "score": 0.7691361904144287,
      "center_xyz": [
        1.5018996000289917,
        1.8896706104278564,
        0.10968942940235138
      ],
      "dims_lhw": [
        0.17499777674674988,
        0.44949105381965637,
        0.311800479888916
      ],
      "R_3x3": [
        [
          0.9207504987716675,
          0.03900099918246269,
          0.3881984055042267
        ],
        [
          -0.026589754968881607,
          0.9989510178565979,
          -0.03729433938860893
        ],
        [
          -0.3892451822757721,
          0.02401600033044815,
          0.9208207130432129
        ]
      ],
      "evidence": {
        "n_frames": 7,
        "best_frame": "passthrough_20260503_140315.png",
        "frames": [
          "passthrough_20260503_140312.png",
          "passthrough_20260503_140315.png",
          "passthrough_20260503_140317.png",
          "passthrough_20260503_140330.png",
          "passthrough_20260503_140545.png",
          "passthrough_20260503_140614.png",
          "passthrough_20260503_140616.png"
        ]
      }
    },
    {
      "id": "obj_0019",
      "label": null,
      "score": 0.7659186720848083,
      "center_xyz": [
        -1.2499361038208008,
        1.5354098081588745,
        -1.4378563165664673
      ],
      "dims_lhw": [
        0.34992438554763794,
        0.32860395312309265,
        0.2869640290737152
      ],
      "R_3x3": [
        [
          -0.8972784876823425,
          0.042096998542547226,
          -0.43945422768592834
        ],
        [
          -0.02212647907435894,
          0.98990398645401,
          0.14000330865383148
        ],
        [
          0.4409107565879822,
          0.135344997048378,
          -0.8872877359390259
        ]
      ],
      "evidence": {
        "n_frames": 4,
        "best_frame": "passthrough_20260503_140525.png",
        "frames": [
          "passthrough_20260503_140323.png",
          "passthrough_20260503_140405.png",
          "passthrough_20260503_140523.png",
          "passthrough_20260503_140525.png"
        ]
      }
    },
    {
      "id": "obj_0020",
      "label": null,
      "score": 0.7646086812019348,
      "center_xyz": [
        1.2002792358398438,
        2.440237283706665,
        -1.1008539199829102
      ],
      "dims_lhw": [
        0.27341538667678833,
        0.2318359762430191,
        0.08487950265407562
      ],
      "R_3x3": [
        [
          -0.2682185769081116,
          -0.2860890030860901,
          0.9198991060256958
        ],
        [
          0.02208523638546467,
          0.9528099894523621,
          0.30276352167129517
        ],
        [
          -0.9631059765815735,
          0.10152299702167511,
          -0.2492430955171585
        ]
      ],
      "evidence": {
        "n_frames": 8,
        "best_frame": "passthrough_20260503_140617.png",
        "frames": [
          "passthrough_20260503_140509.png",
          "passthrough_20260503_140543.png",
          "passthrough_20260503_140544.png",
          "passthrough_20260503_140545.png",
          "passthrough_20260503_140604.png",
          "passthrough_20260503_140614.png",
          "passthrough_20260503_140616.png",
          "passthrough_20260503_140617.png"
        ]
      }
    },
    {
      "id": "obj_0021",
      "label": null,
      "score": 0.7527093887329102,
      "center_xyz": [
        -1.20530104637146,
        0.6746975183486938,
        0.6986764669418335
      ],
      "dims_lhw": [
        0.2766799330711365,
        0.2972746193408966,
        0.29077568650245667
      ],
      "R_3x3": [
        [
          0.36078330874443054,
          -0.5296710133552551,
          -0.7676486372947693
        ],
        [
          -0.1695093810558319,
          0.772134006023407,
          -0.6124340295791626
        ],
        [
          0.9171162247657776,
          0.35107898712158203,
          0.1887892335653305
        ]
      ],
      "evidence": {
        "n_frames": 12,
        "best_frame": "passthrough_20260503_140449.png",
        "frames": [
          "passthrough_20260503_140304.png",
          "passthrough_20260503_140321.png",
          "passthrough_20260503_140326.png",
          "passthrough_20260503_140410.png",
          "passthrough_20260503_140417.png",
          "passthrough_20260503_140449.png",
          "passthrough_20260503_140450.png",
          "passthrough_20260503_140451.png",
          "passthrough_20260503_140529.png",
          "passthrough_20260503_140530.png",
          "passthrough_20260503_140600.png",
          "passthrough_20260503_140609.png"
        ]
      }
    },
    {
      "id": "obj_0022",
      "label": null,
      "score": 0.7481527328491211,
      "center_xyz": [
        1.8233137130737305,
        1.697714924812317,
        0.36065202951431274
      ],
      "dims_lhw": [
        0.5052401423454285,
        0.7542828321456909,
        0.0880594402551651
      ],
      "R_3x3": [
        [
          0.934039294719696,
          0.03900099918246269,
          0.35503533482551575
        ],
        [
          -0.027905955910682678,
          0.9989510178565979,
          -0.03631997108459473
        ],
        [
          -0.3560788929462433,
          0.02401600033044815,
          0.9341468811035156
        ]
      ],
      "evidence": {
        "n_frames": 7,
        "best_frame": "passthrough_20260503_140315.png",
        "frames": [
          "passthrough_20260503_140315.png",
          "passthrough_20260503_140330.png",
          "passthrough_20260503_140332.png",
          "passthrough_20260503_140428.png",
          "passthrough_20260503_140430.png",
          "passthrough_20260503_140500.png",
          "passthrough_20260503_140506.png"
        ]
      }
    },
    {
      "id": "obj_0023",
      "label": null,
      "score": 0.7415900230407715,
      "center_xyz": [
        1.2364250421524048,
        1.9173669815063477,
        -1.1009535789489746
      ],
      "dims_lhw": [
        0.4113006591796875,
        0.5859326124191284,
        0.10825207829475403
      ],
      "R_3x3": [
        [
          0.9450527429580688,
          0.12172500044107437,
          0.3034122586250305
        ],
        [
          0.023917295038700104,
          0.8998669981956482,
          -0.43550905585289
        ],
        [
          -0.3260428309440613,
          0.41883599758148193,
          0.8475099802017212
        ]
      ],
      "evidence": {
        "n_frames": 11,
        "best_frame": "passthrough_20260503_140312.png",
        "frames": [
          "passthrough_20260503_140312.png",
          "passthrough_20260503_140315.png",
          "passthrough_20260503_140423.png",
          "passthrough_20260503_140506.png",
          "passthrough_20260503_140544.png",
          "passthrough_20260503_140545.png",
          "passthrough_20260503_140604.png",
          "passthrough_20260503_140608.png",
          "passthrough_20260503_140614.png",
          "passthrough_20260503_140616.png",
          "passthrough_20260503_140617.png"
        ]
      }
    },
    {
      "id": "obj_0024",
      "label": null,
      "score": 0.7385283708572388,
      "center_xyz": [
        -0.45418116450309753,
        0.4197942912578583,
        0.2088192105293274
      ],
      "dims_lhw": [
        0.18827594816684723,
        0.15571743249893188,
        0.2518690526485443
      ],
      "R_3x3": [
        [
          -0.8739778399467468,
          -0.3414810001850128,
          -0.3457653820514679
        ],
        [
          0.12137822061777115,
          0.5355619788169861,
          -0.8357279300689697
        ],
        [
          0.4705645740032196,
          -0.7723760008811951,
          -0.4266209006309509
        ]
      ],
      "evidence": {
        "n_frames": 4,
        "best_frame": "passthrough_20260503_140600.png",
        "frames": [
          "passthrough_20260503_140412.png",
          "passthrough_20260503_140520.png",
          "passthrough_20260503_140600.png",
          "passthrough_20260503_140609.png"
        ]
      }
    },
    {
      "id": "obj_0025",
      "label": null,
      "score": 0.737034022808075,
      "center_xyz": [
        1.7624952793121338,
        1.7468150854110718,
        -0.17320576310157776
      ],
      "dims_lhw": [
        0.37909990549087524,
        0.6684492230415344,
        0.09425836056470871
      ],
      "R_3x3": [
        [
          -0.3521971106529236,
          -0.05051799863576889,
          0.9345616698265076
        ],
        [
          -0.1410207748413086,
          0.9900069832801819,
          0.0003706149582285434
        ],
        [
          -0.9252408146858215,
          -0.13166199624538422,
          -0.35580095648765564
        ]
      ],
      "evidence": {
        "n_frames": 4,
        "best_frame": "passthrough_20260503_140428.png",
        "frames": [
          "passthrough_20260503_140428.png",
          "passthrough_20260503_140500.png",
          "passthrough_20260503_140506.png",
          "passthrough_20260503_140542.png"
        ]
      }
    },
    {
      "id": "obj_0026",
      "label": null,
      "score": 0.7358216643333435,
      "center_xyz": [
        -0.7836906313896179,
        0.6190919876098633,
        0.5634428858757019
      ],
      "dims_lhw": [
        0.2410632073879242,
        0.3657374083995819,
        0.2746148407459259
      ],
      "R_3x3": [
        [
          0.47737643122673035,
          -0.7394459843635559,
          -0.4746904969215393
        ],
        [
          -0.21021050214767456,
          0.4284290075302124,
          -0.8787830471992493
        ],
        [
          0.853183925151825,
          0.5192959904670715,
          0.0490829199552536
        ]
      ],
      "evidence": {
        "n_frames": 5,
        "best_frame": "passthrough_20260503_140450.png",
        "frames": [
          "passthrough_20260503_140308.png",
          "passthrough_20260503_140321.png",
          "passthrough_20260503_140338.png",
          "passthrough_20260503_140417.png",
          "passthrough_20260503_140450.png"
        ]
      }
    },
    {
      "id": "obj_0027",
      "label": null,
      "score": 0.7338290810585022,
      "center_xyz": [
        1.408715009689331,
        2.07088565826416,
        1.0670086145401
      ],
      "dims_lhw": [
        0.20833688974380493,
        0.6729881167411804,
        0.39808493852615356
      ],
      "R_3x3": [
        [
          0.9295830726623535,
          0.03900099918246269,
          0.3665444552898407
        ],
        [
          -0.027455242350697517,
          0.9989510178565979,
          -0.036661867052316666
        ],
        [
          -0.3675892651081085,
          0.02401600033044815,
          0.9296777248382568
        ]
      ],
      "evidence": {
        "n_frames": 10,
        "best_frame": "passthrough_20260503_140315.png",
        "frames": [
          "passthrough_20260503_140312.png",
          "passthrough_20260503_140315.png",
          "passthrough_20260503_140317.png",
          "passthrough_20260503_140328.png",
          "passthrough_20260503_140330.png",
          "passthrough_20260503_140428.png",
          "passthrough_20260503_140430.png",
          "passthrough_20260503_140500.png",
          "passthrough_20260503_140542.png",
          "passthrough_20260503_140543.png"
        ]
      }
    },
    {
      "id": "obj_0028",
      "label": null,
      "score": 0.7325310111045837,
      "center_xyz": [
        1.527028203010559,
        1.7620126008987427,
        -0.6702582240104675
      ],
      "dims_lhw": [
        0.4260370433330536,
        0.5828027129173279,
        0.08378611505031586
      ],
      "R_3x3": [
        [
          -0.4414026737213135,
          0.14925700426101685,
          0.884809136390686
        ],
        [
          -0.25648704171180725,
          0.9239400029182434,
          -0.2838113307952881
        ],
        [
          -0.8598715662956238,
          -0.3522169888019562,
          -0.36954694986343384
        ]
      ],
      "evidence": {
        "n_frames": 10,
        "best_frame": "passthrough_20260503_140545.png",
        "frames": [
          "passthrough_20260503_140330.png",
          "passthrough_20260503_140332.png",
          "passthrough_20260503_140428.png",
          "passthrough_20260503_140542.png",
          "passthrough_20260503_140543.png",
          "passthrough_20260503_140544.png",
          "passthrough_20260503_140545.png",
          "passthrough_20260503_140608.png",
          "passthrough_20260503_140614.png",
          "passthrough_20260503_140616.png"
        ]
      }
    },
    {
      "id": "obj_0029",
      "label": null,
      "score": 0.7267577052116394,
      "center_xyz": [
        0.9963854551315308,
        2.2426812648773193,
        -0.7823485732078552
      ],
      "dims_lhw": [
        0.16097790002822876,
        0.22541838884353638,
        0.2563824951648712
      ],
      "R_3x3": [
        [
          0.9209930896759033,
          0.03900099918246269,
          0.3876226544380188
        ],
        [
          -0.02661306783556938,
          0.9989510178565979,
          -0.0372777096927166
        ],
        [
          -0.38866934180259705,
          0.02401600033044815,
          0.9210638999938965
        ]
      ],
      "evidence": {
        "n_frames": 2,
        "best_frame": "passthrough_20260503_140315.png",
        "frames": [
          "passthrough_20260503_140315.png",
          "passthrough_20260503_140507.png"
        ]
      }
    },
    {
      "id": "obj_0030",
      "label": null,
      "score": 0.6901051998138428,
      "center_xyz": [
        -0.09015132486820221,
        1.3509178161621094,
        -1.5702091455459595
      ],
      "dims_lhw": [
        0.24561908841133118,
        0.24803747236728668,
        0.2436801791191101
      ],
      "R_3x3": [
        [
          -0.9629517197608948,
          -0.04241099953651428,
          -0.26632022857666016
        ],
        [
          -0.07519982010126114,
          0.9906129837036133,
          0.11415039747953415
        ],
        [
          0.25897884368896484,
          0.12994900345802307,
          -0.9571022391319275
        ]
      ],
      "evidence": {
        "n_frames": 2,
        "best_frame": "passthrough_20260503_140604.png",
        "frames": [
          "passthrough_20260503_140604.png",
          "passthrough_20260503_140608.png"
        ]
      }
    },
    {
      "id": "obj_0031",
      "label": null,
      "score": 0.6895214319229126,
      "center_xyz": [
        -0.5050643682479858,
        1.5591143369674683,
        -1.6713420152664185
      ],
      "dims_lhw": [
        0.04092096909880638,
        0.3472971022129059,
        0.35973644256591797
      ],
      "R_3x3": [
        [
          0.5232970118522644,
          -0.5641679763793945,
          -0.6386505365371704
        ],
        [
          -0.11910171806812286,
          0.6936789751052856,
          -0.7103697657585144
        ],
        [
          0.8437860012054443,
          0.4477989971637726,
          0.2958067059516907
        ]
      ],
      "evidence": {
        "n_frames": 2,
        "best_frame": "passthrough_20260503_140308.png",
        "frames": [
          "passthrough_20260503_140304.png",
          "passthrough_20260503_140308.png"
        ]
      }
    },
    {
      "id": "obj_0032",
      "label": null,
      "score": 0.6841685175895691,
      "center_xyz": [
        1.5602233409881592,
        1.5549818277359009,
        0.40430909395217896
      ],
      "dims_lhw": [
        0.3739960193634033,
        0.284132719039917,
        0.05294835940003395
      ],
      "R_3x3": [
        [
          -0.13339896500110626,
          0.4344150125980377,
          0.8907797932624817
        ],
        [
          0.4929511547088623,
          0.8088250160217285,
          -0.32062575221061707
        ],
        [
          -0.8597702383995056,
          0.396340012550354,
          -0.32204124331474304
        ]
      ],
      "evidence": {
        "n_frames": 3,
        "best_frame": "passthrough_20260503_140421.png",
        "frames": [
          "passthrough_20260503_140421.png",
          "passthrough_20260503_140432.png",
          "passthrough_20260503_140459.png"
        ]
      }
    },
    {
      "id": "obj_0033",
      "label": null,
      "score": 0.6838976740837097,
      "center_xyz": [
        -2.1423895359039307,
        1.3969446420669556,
        -0.4525699019432068
      ],
      "dims_lhw": [
        0.40271884202957153,
        0.18089638650417328,
        0.10396499186754227
      ],
      "R_3x3": [
        [
          0.23810581862926483,
          -0.06023100018501282,
          -0.9693701863288879
        ],
        [
          -0.21025320887565613,
          0.9712110161781311,
          -0.11199023574590683
        ],
        [
          0.9482088685035706,
          0.23047900199890137,
          0.21858687698841095
        ]
      ],
      "evidence": {
        "n_frames": 2,
        "best_frame": "passthrough_20260503_140326.png",
        "frames": [
          "passthrough_20260503_140326.png",
