{
  "source_image": "teste/14.jpeg",
  "timestamp": null,
  "video_id": null,
  "image_size_hw": [
    1200,
    1600
  ],
  "detections": [
    {
      "bbox_xyxy": [
        629.240234375,
        213.9549560546875,
        739.2706298828125,
        355.60296630859375
      ],
      "score": 0.4653197228908539,
      "class_id": 1
    },
    {
      "bbox_xyxy": [
        850.2841186523438,
        231.95809936523438,
        999.5603637695312,
        359.0364074707031
      ],
      "score": 0.4554794132709503,
      "class_id": 1
    },
    {
      "bbox_xyxy": [
        340.00128173828125,
        375.6177978515625,
        546.7317504882812,
        640.179443359375
      ],
      "score": 0.44909703731536865,
      "class_id": 1
    },
    {
      "bbox_xyxy": [
        580.28759765625,
        380.4263916015625,
        777.160400390625,
        640.1866455078125
      ],
      "score": 0.43121954798698425,
      "class_id": 1
    },
    {
      "bbox_xyxy": [
        829.6710205078125,
        396.29638671875,
        1010.411865234375,
        640.2572021484375
      ],
      "score": 0.3205358684062958,
      "class_id": 1
    },
    {
      "bbox_xyxy": [
        0.245635986328125,
        145.8182373046875,
        143.56939697265625,
        688.2996826171875
      ],
      "score": 0.3152976632118225,
      "class_id": 1
    },
    {
      "bbox_xyxy": [
        0.0,
        0.0,
        1488.89697265625,
        1194.534423828125
      ],
      "score": 0.31386685371398926,
      "class_id": 1
    },
    {
      "bbox_xyxy": [
        108.1171875,
        0.0,
        1572.001953125,
        148.03695678710938
      ],
      "score": 0.29392075538635254,
      "class_id": 1
    },
    {
      "bbox_xyxy": [
        1121.5321044921875,
        227.12750244140625,
        1429.0643310546875,
        568.6363525390625
      ],
      "score": 0.2849755585193634,
      "class_id": 1
    },
    {
      "bbox_xyxy": [
        2.078125,
        0.0,
        1600.0,
        1193.4464111328125
      ],
      "score": 0.27279505133628845,
      "class_id": 1
    }
  ],
  "boxes_3d": {
    "gravity_center_xyz": [
      [
        -1.98530912399292,
        -5.302120208740234,
        18.718502044677734
      ],
      [
        1.8934731483459473,
        -4.649084091186523,
        17.041534423828125
      ],
      [
        -6.303167343139648,
        -1.5686798095703125,
        19.42776107788086
      ],
      [
        -1.9754014015197754,
        -1.3741455078125,
        17.869483947753906
      ],
      [
        1.6783255338668823,
        -1.1054706573486328,
        15.811220169067383
      ],
      [
        -25.00594711303711,
        -5.467929840087891,
        36.68360137939453
      ],
      [
        -6.025661945343018,
        1.5460376739501953,
        27.797521591186523
      ],
      [
        1.492324948310852,
        -13.270390510559082,
        24.77139663696289
      ],
      [
        6.469727993011475,
        -2.732400417327881,
        15.247003555297852
      ],
      [
        -1.6407573223114014,
        0.26784229278564453,
        26.595661163330078
      ]
    ],
    "dims_lhw": [
      [
        2.332428216934204,
        3.2037861347198486,
        0.421252578496933
      ],
      [
        2.7814583778381348,
        2.6423215866088867,
        0.4092869758605957
      ],
      [
        4.807439804077148,
        6.285313606262207,
        0.3923507332801819
      ],
      [
        4.191817283630371,
        5.273965835571289,
        0.4671013355255127
      ],
      [
        3.3084051609039307,
        4.8959641456604,
        0.5251352190971375
      ],
      [
        1.2040640115737915,
        16.828521728515625,
        17.816545486450195
      ],
      [
        43.927879333496094,
        39.153541564941406,
        15.710310935974121
      ],
      [
        42.54637145996094,
        2.688154935836792,
        9.56093978881836
      ],
      [
        5.524606227874756,
        6.599985122680664,
        1.3329179286956787
      ],
      [
        47.178382873535156,
        36.03281021118164,
        15.690460205078125
      ]
    ],
    "R_3x3": [
      [
        [
          0.9681617021560669,
          0.0,
          0.25032564997673035
        ],
        [
          0.0,
          1.0,
          0.0
        ],
        [
          -0.25032564997673035,
          0.0,
          0.9681617021560669
        ]
      ],
      [
        [
          0.9604551196098328,
          0.0,
          0.2784349024295807
        ],
        [
          0.0,
          1.0,
          0.0
        ],
        [
          -0.2784349024295807,
          0.0,
          0.9604551196098328
        ]
      ],
      [
        [
          0.9527772665023804,
          0.0,
          0.30367010831832886
        ],
        [
          0.0,
          1.0,
          0.0
        ],
        [
          -0.30367010831832886,
          0.0,
          0.9527772665023804
        ]
      ],
      [
        [
          0.9710937738418579,
          0.0,
          0.2386983335018158
        ],
        [
          0.0,
          1.0,
          0.0
        ],
        [
          -0.2386983335018158,
          0.0,
          0.9710937738418579
        ]
      ],
      [
        [
          0.9659220576286316,
          0.0,
          0.2588330805301666
        ],
        [
          0.0,
          1.0,
          0.0
        ],
        [
          -0.2588330805301666,
          0.0,
          0.9659220576286316
        ]
      ],
      [
        [
          0.7924919128417969,
          0.0,
          -0.6098824739456177
        ],
        [
          0.0,
          1.0,
          0.0
        ],
        [
          0.6098824739456177,
          0.0,
          0.7924919128417969
        ]
      ],
      [
        [
          0.9632726907730103,
          0.0,
          0.268525093793869
        ],
        [
          0.0,
          1.0,
          0.0
        ],
        [
          -0.268525093793869,
          0.0,
          0.9632726907730103
        ]
      ],
      [
        [
          0.9952569007873535,
          0.0,
          0.0972815752029419
        ],
        [
          0.0,
          1.0,
          0.0
        ],
        [
          -0.0972815752029419,
          0.0,
          0.9952569007873535
        ]
      ],
      [
        [
          0.9820769429206848,
          0.0,
          0.188480406999588
        ],
        [
          0.0,
          1.0,
          0.0
        ],
        [
          -0.188480406999588,
          0.0,
          0.9820769429206848
        ]
      ],
      [
        [
          0.990959107875824,
          0.0,
          0.13416408002376556
        ],
        [
          0.0,
          1.0,
          0.0
        ],
        [
          -0.13416408002376556,
          0.0,
          0.990959107875824
        ]
      ]
    ]
  }
}