{
  "source_image": "teste/15.jpeg",
  "timestamp": null,
  "video_id": null,
  "image_size_hw": [
    1200,
    1600
  ],
  "detections": [
    {
      "bbox_xyxy": [
        32.327545166015625,
        302.573974609375,
        454.9098205566406,
        421.766845703125
      ],
      "score": 0.6952118277549744,
      "class_id": 1
    },
    {
      "bbox_xyxy": [
        35.80291748046875,
        540.6948852539062,
        455.0430908203125,
        662.2180786132812
      ],
      "score": 0.6085805296897888,
      "class_id": 1
    },
    {
      "bbox_xyxy": [
        470.9401550292969,
        143.50782775878906,
        1332.6669921875,
        653.59375
      ],
      "score": 0.5084071755409241,
      "class_id": 1
    },
    {
      "bbox_xyxy": [
        0.0,
        809.81982421875,
        1208.9366455078125,
        1199.557373046875
      ],
      "score": 0.432483971118927,
      "class_id": 1
    },
    {
      "bbox_xyxy": [
        146.7672119140625,
        170.79953002929688,
        453.939208984375,
        306.3791809082031
      ],
      "score": 0.41592371463775635,
      "class_id": 1
    },
    {
      "bbox_xyxy": [
        0.0,
        144.9747314453125,
        478.0908203125,
        809.5765380859375
      ],
      "score": 0.4007956385612488,
      "class_id": 1
    },
    {
      "bbox_xyxy": [
        44.544097900390625,
        435.621337890625,
        137.80201721191406,
        537.8486328125
      ],
      "score": 0.38227033615112305,
      "class_id": 1
    },
    {
      "bbox_xyxy": [
        0.0,
        0.0,
        302.4615478515625,
        109.3764877319336
      ],
      "score": 0.3766840696334839,
      "class_id": 1
    },
    {
      "bbox_xyxy": [
        34.05088806152344,
        189.79345703125,
        163.64175415039062,
        297.11444091796875
      ],
      "score": 0.37533849477767944,
      "class_id": 1
    },
    {
      "bbox_xyxy": [
        0.2025909423828125,
        71.866943359375,
        188.69204711914062,
        179.6830596923828
      ],
      "score": 0.36791563034057617,
      "class_id": 1
    },
    {
      "bbox_xyxy": [
        42.999755859375,
        657.6953735351562,
        455.080322265625,
        775.5636596679688
      ],
      "score": 0.3550621569156647,
      "class_id": 1
    },
    {
      "bbox_xyxy": [
        160.20501708984375,
        88.63420104980469,
        459.44195556640625,
        181.0011444091797
      ],
      "score": 0.3450065553188324,
      "class_id": 1
    },
    {
      "bbox_xyxy": [
        170.38818359375,
        0.0,
        1563.789306640625,
        92.99212646484375
      ],
      "score": 0.32226061820983887,
      "class_id": 1
    },
    {
      "bbox_xyxy": [
        421.938720703125,
        8.37548828125,
        1523.067626953125,
        683.1983642578125
      ],
      "score": 0.30270200967788696,
      "class_id": 1
    },
    {
      "bbox_xyxy": [
        163.9793701171875,
        63.99184799194336,
        459.36419677734375,
        182.27041625976562
      ],
      "score": 0.2979722023010254,
      "class_id": 1
    },
    {
      "bbox_xyxy": [
        493.2626953125,
        608.3062744140625,
        1244.825439453125,
        765.2510986328125
      ],
      "score": 0.29660943150520325,
      "class_id": 1
    },
    {
      "bbox_xyxy": [
        165.21420288085938,
        0.0,
        346.9187316894531,
        113.14009094238281
      ],
      "score": 0.2909977436065674,
      "class_id": 1
    },
    {
      "bbox_xyxy": [
        338.5360412597656,
        253.33596801757812,
        427.5761413574219,
        288.7829895019531
      ],
      "score": 0.2887101173400879,
      "class_id": 1
    },
    {
      "bbox_xyxy": [
        2.7918701171875,
        62.859134674072266,
        197.39553833007812,
        187.06149291992188
      ],
      "score": 0.2868078351020813,
      "class_id": 1
    },
    {
      "bbox_xyxy": [
        0.37127685546875,
        0.0,
        345.3995361328125,
        134.2580108642578
      ],
      "score": 0.2858748435974121,
      "class_id": 1
    },
    {
      "bbox_xyxy": [
        176.04345703125,
        0.0,
        1552.87890625,
        92.01473236083984
      ],
      "score": 0.27761539816856384,
      "class_id": 1
    },
    {
      "bbox_xyxy": [
        0.0,
        13.465087890625,
        1433.744873046875,
        853.029296875
      ],
      "score": 0.27147266268730164,
      "class_id": 1
    },
    {
      "bbox_xyxy": [
        148.90438842773438,
        8.737907409667969,
        382.3327941894531,
        120.88736724853516
      ],
      "score": 0.25683632493019104,
      "class_id": 1
    }
  ],
  "boxes_3d": {
    "gravity_center_xyz": [
      [
        -2.2922515869140625,
        -0.9789456129074097,
        4.62937068939209
      ],
      [
        -2.153841495513916,
        0.0038661956787109375,
        4.332513332366943
      ],
      [
        0.3360244333744049,
        -0.5957479476928711,
        3.4075636863708496
      ],
      [
        -0.39426156878471375,
        0.8999146223068237,
        2.4372260570526123
      ],
      [
        -2.1836886405944824,
        -1.5710324048995972,
        4.875569820404053
      ],
      [
        -2.1562654972076416,
        -0.4938467741012573,
        4.451022148132324
      ],
      [
        -2.3133201599121094,
        -0.3687310218811035,
        3.6248953342437744
      ],
      [
        -3.188857078552246,
        -2.7009546756744385,
        5.352333068847656
      ],
      [
        -2.4593822956085205,
        -1.2444264888763428,
        3.897327184677124
      ],
      [
        -3.0825839042663574,
        -2.055208683013916,
        4.849597454071045
      ],
      [
        -2.143348455429077,
        0.4445497989654541,
        4.356621265411377
      ],
      [
        -2.165936231613159,
        -2.046600580215454,
        4.922316551208496
      ],
      [
        0.2716450095176697,
        -1.81087064743042,
        3.443112850189209
      ],
      [
        0.6103094816207886,
        -0.7420709133148193,
        3.6862616539001465
      ],
      [
        -2.2031331062316895,
        -2.137768268585205,
        5.04966402053833
      ],
      [
        0.1238783448934555,
        0.14430934190750122,
        1.857240915298462
      ],
      [
        -2.1885831356048584,
        -2.2702882289886475,
        4.461059093475342
      ],
      [
        -1.7223886251449585,
        -1.3434282541275024,
        4.564361095428467
      ],
      [
        -3.0463039875030518,
        -2.044996976852417,
        4.8294677734375
      ],
      [
        -2.9515740871429443,
        -2.554609775543213,
        5.101964473724365
      ],
      [
        0.24696776270866394,
        -1.7647041082382202,
        3.341541051864624
      ],
      [
        -0.25023773312568665,
        -0.5211168527603149,
        4.202390193939209
      ],
      [
        -2.201477289199829,
        -2.2851250171661377,
        4.582285404205322
      ]
    ],
    "dims_lhw": [
      [
        6.358543872833252,
        1.5498614311218262,
        1.5335595607757568
      ],
      [
        6.156165599822998,
        1.5675582885742188,
        1.166567325592041
      ],
      [
        12.05549430847168,
        7.265446186065674,
        0.7721770405769348
      ],
      [
        14.376579284667969,
        4.511919975280762,
        0.7240772247314453
      ],
      [
        4.484597682952881,
        1.3172470331192017,
        1.3807669878005981
      ],
      [
        6.2075347900390625,
        8.915947914123535,
        2.3375422954559326
      ],
      [
        0.8422164916992188,
        1.5370945930480957,
        0.5057919025421143
      ],
      [
        4.932608604431152,
        1.6418486833572388,
        1.6485685110092163
      ],
      [
        1.34578537940979,
        1.324544906616211,
        1.1742839813232422
      ],
      [
        2.401665210723877,
        1.0881750583648682,
        1.9033915996551514
      ],
      [
        6.067662239074707,
        1.3218142986297607,
        1.4883450269699097
      ],
      [
        4.08103609085083,
        0.8630920648574829,
        1.2231215238571167
      ],
      [
        19.63470458984375,
        0.7423351407051086,
        2.255409002304077
      ],
      [
        14.539719581604004,
        9.41673469543457,
        1.4330739974975586
      ],
      [
        4.149617671966553,
        1.1085275411605835,
        1.8768397569656372
      ],
      [
        9.605262756347656,
        1.9535104036331177,
        1.0475424528121948
      ],
      [
        2.20234751701355,
        1.5420318841934204,
        2.3949437141418457
      ],
      [
        1.0243046283721924,
        0.4579339921474457,
        0.6386184692382812
      ],
      [
        2.3650248050689697,
        1.1872295141220093,
        2.021632671356201
      ],
      [
        5.382415771484375,
        2.129321575164795,
        2.5175464153289795
      ],
      [
        19.47895622253418,
        0.7606340646743774,
        2.3226137161254883
      ],
      [
        19.844131469726562,
        10.778363227844238,
        2.242083787918091
      ],
      [
        2.916341781616211,
        1.449697494506836,
        2.8354876041412354
      ]
    ],
    "R_3x3": [
      [
        [
          0.9900972247123718,
          0.0,
          -0.14038331806659698
        ],
        [
          0.0,
          1.0,
          0.0
        ],
        [
          0.14038331806659698,
          0.0,
          0.9900972247123718
        ]
      ],
      [
        [
          0.9926931262016296,
          0.0,
          -0.1206664890050888
        ],
        [
          0.0,
          1.0,
          0.0
        ],
        [
          0.1206664890050888,
          0.0,
          0.9926931262016296
        ]
      ],
      [
        [
          0.9971381425857544,
          0.0,
          -0.07560089975595474
        ],
        [
          0.0,
          1.0,
          0.0
        ],
        [
          0.07560089975595474,
          0.0,
          0.9971381425857544
        ]
      ],
      [
        [
          0.9948407411575317,
          0.0,
          -0.10144881904125214
        ],
        [
          0.0,
          1.0,
          0.0
        ],
        [
          0.10144881904125214,
          0.0,
          0.9948407411575317
        ]
      ],
      [
        [
          0.9916874766349792,
          0.0,
          -0.12866991758346558
        ],
        [
          0.0,
          1.0,
          0.0
        ],
        [
          0.12866991758346558,
          0.0,
          0.9916874766349792
        ]
      ],
      [
        [
          0.9884744882583618,
          0.0,
          -0.1513875275850296
        ],
        [
          0.0,
          1.0,
          0.0
        ],
        [
          0.1513875275850296,
          0.0,
          0.9884744882583618
        ]
      ],
      [
        [
          0.9917383790016174,
          0.0,
          -0.12827710807323456
        ],
        [
          0.0,
          1.0,
          0.0
        ],
        [
          0.12827710807323456,
          0.0,
          0.9917383790016174
        ]
      ],
      [
        [
          0.9983158111572266,
          0.0,
          -0.05801279470324516
        ],
        [
          0.0,
          1.0,
          0.0
        ],
        [
          0.05801279470324516,
          0.0,
          0.9983158111572266
        ]
      ],
      [
        [
          0.9906938672065735,
          0.0,
          -0.13610920310020447
        ],
        [
          0.0,
          1.0,
          0.0
        ],
        [
          0.13610920310020447,
          0.0,
          0.9906938672065735
        ]
      ],
      [
        [
          0.9933956861495972,
          0.0,
          -0.11473901569843292
        ],
        [
          0.0,
          1.0,
          0.0
        ],
        [
          0.11473901569843292,
          0.0,
          0.9933956861495972
        ]
      ],
      [
        [
          0.9935393333435059,
          0.0,
          -0.11348845064640045
        ],
        [
          0.0,
          1.0,
          0.0
        ],
        [
          0.11348845064640045,
          0.0,
          0.9935393333435059
        ]
      ],
      [
        [
          0.9939005374908447,
          0.0,
          -0.11028025299310684
        ],
        [
          0.0,
          1.0,
          0.0
        ],
        [
          0.11028025299310684,
          0.0,
          0.9939005374908447
        ]
      ],
      [
        [
          0.9968020915985107,
          0.0,
          -0.07990974932909012
        ],
        [
          0.0,
          1.0,
          0.0
        ],
        [
          0.07990974932909012,
          0.0,
          0.9968020915985107
        ]
      ],
      [
        [
          0.9933748841285706,
          0.0,
          -0.11491896957159042
        ],
        [
          0.0,
          1.0,
          0.0
        ],
        [
          0.11491896957159042,
          0.0,
          0.9933748841285706
        ]
      ],
      [
        [
          0.9948000311851501,
          0.0,
          -0.10184728354215622
        ],
        [
          0.0,
          1.0,
          0.0
        ],
        [
          0.10184728354215622,
          0.0,
          0.9948000311851501
        ]
      ],
      [
        [
          0.9975114464759827,
          0.0,
          -0.07050461322069168
        ],
        [
          0.0,
          1.0,
          0.0
        ],
        [
          0.07050461322069168,
          0.0,
          0.9975114464759827
        ]
      ],
      [
        [
          0.9905230402946472,
          0.0,
          -0.1373465359210968
        ],
        [
          0.0,
          1.0,
          0.0
        ],
        [
          0.1373465359210968,
          0.0,
          0.9905230402946472
        ]
      ],
      [
        [
          0.985414445400238,
          0.0,
          -0.1701716184616089
        ],
        [
          0.0,
          1.0,
          0.0
        ],
        [
          0.1701716184616089,
          0.0,
          0.985414445400238
        ]
      ],
      [
        [
          0.9940049052238464,
          0.0,
          -0.10933571308851242
        ],
        [
          0.0,
          1.0,
          0.0
        ],
        [
          0.10933571308851242,
          0.0,
          0.9940049052238464
        ]
      ],
      [
        [
          0.9979525804519653,
          0.0,
          -0.06395814567804337
        ],
        [
          0.0,
          1.0,
          0.0
        ],
        [
          0.06395814567804337,
          0.0,
          0.9979525804519653
        ]
      ],
      [
        [
          0.9975999593734741,
          0.0,
          -0.06924133747816086
        ],
        [
          0.0,
          1.0,
          0.0
        ],
        [
          0.06924133747816086,
          0.0,
          0.9975999593734741
        ]
      ],
      [
        [
          0.9969438314437866,
          0.0,
          -0.07812195271253586
        ],
        [
          0.0,
          1.0,
          0.0
        ],
        [
          0.07812195271253586,
          0.0,
          0.9969438314437866
        ]
      ],
      [
        [
          0.9914160966873169,
          0.0,
          -0.1307443529367447
        ],
        [
          0.0,
          1.0,
          0.0
        ],
        [
          0.1307443529367447,
          0.0,
          0.9914160966873169
        ]
      ]
    ]
  }
}