{
  "source_image": "teste/16.jpeg",
  "timestamp": null,
  "video_id": null,
  "image_size_hw": [
    1200,
    1600
  ],
  "detections": [
    {
      "bbox_xyxy": [
        394.8650817871094,
        635.1908569335938,
        439.4870300292969,
        691.4954223632812
      ],
      "score": 0.4088173508644104,
      "class_id": 1
    },
    {
      "bbox_xyxy": [
        359.93328857421875,
        407.4285888671875,
        512.6480712890625,
        602.607421875
      ],
      "score": 0.39279305934906006,
      "class_id": 1
    },
    {
      "bbox_xyxy": [
        439.7469482421875,
        33.644775390625,
        920.475830078125,
        392.83892822265625
      ],
      "score": 0.392408162355423,
      "class_id": 1
    },
    {
      "bbox_xyxy": [
        473.6861572265625,
        713.2022094726562,
        590.8587646484375,
        888.0803833007812
      ],
      "score": 0.37218210101127625,
      "class_id": 1
    },
    {
      "bbox_xyxy": [
        680.9209594726562,
        533.5808715820312,
        926.3468627929688,
        671.4518432617188
      ],
      "score": 0.3702924847602844,
      "class_id": 1
    },
    {
      "bbox_xyxy": [
        1344.0230712890625,
        109.3289794921875,
        1560.3802490234375,
        876.9886474609375
      ],
      "score": 0.3500523865222931,
      "class_id": 1
    },
    {
      "bbox_xyxy": [
        489.24517822265625,
        613.6436767578125,
        566.2822875976562,
        712.9962158203125
      ],
      "score": 0.34928178787231445,
      "class_id": 1
    },
    {
      "bbox_xyxy": [
        569.743408203125,
        575.12451171875,
        655.9801025390625,
        639.2501220703125
      ],
      "score": 0.3395662307739258,
      "class_id": 1
    },
    {
      "bbox_xyxy": [
        0.0,
        0.0,
        1600.0,
        1194.91796875
      ],
      "score": 0.3050883114337921,
      "class_id": 1
    },
    {
      "bbox_xyxy": [
        1388.1395263671875,
        0.0,
        1574.0274658203125,
        148.97055053710938
      ],
      "score": 0.2987675070762634,
      "class_id": 1
    },
    {
      "bbox_xyxy": [
        0.0,
        201.5513916015625,
        367.5633544921875,
        1161.96728515625
      ],
      "score": 0.2924272119998932,
      "class_id": 1
    },
    {
      "bbox_xyxy": [
        1066.703125,
        132.3695068359375,
        1561.9365234375,
        910.9442138671875
      ],
      "score": 0.28714630007743835,
      "class_id": 1
    },
    {
      "bbox_xyxy": [
        0.0,
        1.398193359375,
        1600.0,
        1190.407958984375
      ],
      "score": 0.2680438756942749,
      "class_id": 1
    },
    {
      "bbox_xyxy": [
        0.0,
        0.0,
        1585.9033203125,
        94.70222473144531
      ],
      "score": 0.2626459002494812,
      "class_id": 1
    },
    {
      "bbox_xyxy": [
        1391.49853515625,
        0.5064239501953125,
        1577.02734375,
        149.53207397460938
      ],
      "score": 0.261987566947937,
      "class_id": 1
    },
    {
      "bbox_xyxy": [
        1320.2196044921875,
        12.560699462890625,
        1513.7174072265625,
        163.6802978515625
      ],
      "score": 0.25710365176200867,
      "class_id": 1
    }
  ],
  "boxes_3d": {
    "gravity_center_xyz": [
      [
        -7.898007869720459,
        1.3743858337402344,
        22.674142837524414
      ],
      [
        -7.722591400146484,
        -1.9309940338134766,
        23.431785583496094
      ],
      [
        -2.4568593502044678,
        -8.149417877197266,
        23.763887405395508
      ],
      [
        -5.619281768798828,
        4.214716911315918,
        23.14808464050293
      ],
      [
        0.0226253941655159,
        0.1045684814453125,
        23.02957534790039
      ],
      [
        25.122468948364258,
        -3.677143096923828,
        39.33544921875
      ],
      [
        -5.592021465301514,
        1.3353300094604492,
        22.44692611694336
      ],
      [
        -3.8196330070495605,
        0.2048807144165039,
        22.330533981323242
      ],
      [
        0.9180952310562134,
        1.769561767578125,
        30.096860885620117
      ],
      [
        25.737157821655273,
        -19.46355628967285,
        41.313758850097656
      ],
      [
        -14.960411071777344,
        2.2471542358398438,
        24.68653106689453
      ],
      [
        14.596785545349121,
        -2.8963871002197266,
        29.59217071533203
      ],
      [
        1.838375449180603,
        2.261115074157715,
        29.630741119384766
      ],
      [
        0.30890434980392456,
        -17.016860961914062,
        32.70868682861328
      ],
      [
        25.98514747619629,
        -19.597536087036133,
        41.31532287597656
      ],
      [
        22.000911712646484,
        -18.22093391418457,
        39.887123107910156
      ]
    ],
    "dims_lhw": [
      [
        1.0406776666641235,
        1.3997981548309326,
        0.6465921998023987
      ],
      [
        3.537888288497925,
        4.724395275115967,
        0.3795528709888458
      ],
      [
        13.785036087036133,
        8.858834266662598,
        1.4848668575286865
      ],
      [
        2.7379612922668457,
        4.429444313049316,
        1.2340846061706543
      ],
      [
        6.548295974731445,
        3.6795554161071777,
        0.6393967866897583
      ],
      [
        8.196832656860352,
        29.943668365478516,
        7.024988651275635
      ],
      [
        1.7909791469573975,
        2.538787603378296,
        0.6248323917388916
      ],
      [
        1.8874560594558716,
        1.5785037279129028,
        0.4918261766433716
      ],
      [
        55.45216751098633,
        37.871803283691406,
        9.955498695373535
      ],
      [
        5.508775234222412,
        4.635589599609375,
        4.643603324890137
      ],
      [
        10.507729530334473,
        27.021514892578125,
        2.72055721282959
      ],
      [
        19.91618537902832,
        21.0277156829834,
        12.24817180633545
      ],
      [
        56.20417404174805,
        38.7088508605957,
        10.256543159484863
      ],
      [
        59.69187927246094,
        2.3825056552886963,
        7.943997383117676
      ],
      [
        5.677294731140137,
        4.843542098999023,
        4.676865577697754
      ],
      [
        4.856215476989746,
        4.390324592590332,
        4.626368999481201
      ]
    ],
    "R_3x3": [
      [
        [
          0.9894729256629944,
          0.0,
          -0.14471791684627533
        ],
        [
          0.0,
          1.0,
          0.0
        ],
        [
          0.14471791684627533,
          0.0,
          0.9894729256629944
        ]
      ],
      [
        [
          0.9999903440475464,
          0.0,
          0.004395689815282822
        ],
        [
          0.0,
          1.0,
          0.0
        ],
        [
          -0.004395689815282822,
          0.0,
          0.9999903440475464
        ]
      ],
      [
        [
          0.9994226694107056,
          0.0,
          -0.033974673599004745
        ],
        [
          0.0,
          1.0,
          0.0
        ],
        [
          0.033974673599004745,
          0.0,
          0.9994226694107056
        ]
      ],
      [
        [
          0.9983711242675781,
          0.0,
          -0.05705306679010391
        ],
        [
          0.0,
          1.0,
          0.0
        ],
        [
          0.05705306679010391,
          0.0,
          0.9983711242675781
        ]
      ],
      [
        [
          0.9983817934989929,
          0.0,
          0.056866101920604706
        ],
        [
          0.0,
          1.0,
          0.0
        ],
        [
          -0.056866101920604706,
          0.0,
          0.9983817934989929
        ]
      ],
      [
        [
          0.9853836894035339,
          0.0,
          -0.17034974694252014
        ],
        [
          0.0,
          1.0,
          0.0
        ],
        [
          0.17034974694252014,
          0.0,
          0.9853836894035339
        ]
      ],
      [
        [
          0.9969160556793213,
          0.0,
          -0.07847514748573303
        ],
        [
          0.0,
          1.0,
          0.0
        ],
        [
          0.07847514748573303,
          0.0,
          0.9969160556793213
        ]
      ],
      [
        [
          0.9979104399681091,
          0.0,
          -0.06461231410503387
        ],
        [
          0.0,
          1.0,
          0.0
        ],
        [
          0.06461231410503387,
          0.0,
          0.9979104399681091
        ]
      ],
      [
        [
          0.9956172704696655,
          0.0,
          -0.09352108836174011
        ],
        [
          0.0,
          1.0,
          0.0
        ],
        [
          0.09352108836174011,
          0.0,
          0.9956172704696655
        ]
      ],
      [
        [
          0.9959188103675842,
          0.0,
          -0.0902538150548935
        ],
        [
          0.0,
          1.0,
          0.0
        ],
        [
          0.0902538150548935,
          0.0,
          0.9959188103675842
        ]
      ],
      [
        [
          0.985555112361908,
          0.0,
          -0.16935504972934723
        ],
        [
          0.0,
          1.0,
          0.0
        ],
        [
          0.16935504972934723,
          0.0,
          0.985555112361908
        ]
      ],
      [
        [
          0.9390814304351807,
          0.0,
          -0.3436947762966156
        ],
        [
          0.0,
          1.0,
          0.0
        ],
        [
          0.3436947762966156,
          0.0,
          0.9390814304351807
        ]
      ],
      [
        [
          0.9930737018585205,
          0.0,
          -0.11749326437711716
        ],
        [
          0.0,
          1.0,
          0.0
        ],
        [
          0.11749326437711716,
          0.0,
          0.9930737018585205
        ]
      ],
      [
        [
          0.996989905834198,
          0.0,
          -0.07753144949674606
        ],
        [
          0.0,
          1.0,
          0.0
        ],
        [
          0.07753144949674606,
          0.0,
          0.996989905834198
        ]
      ],
      [
        [
          0.996889054775238,
          0.0,
          -0.07881756126880646
        ],
        [
          0.0,
          1.0,
          0.0
        ],
        [
          0.07881756126880646,
          0.0,
          0.996889054775238
        ]
      ],
      [
        [
          0.9805954098701477,
          0.0,
          -0.1960425227880478
        ],
        [
          0.0,
          1.0,
          0.0
        ],
        [
          0.1960425227880478,
          0.0,
          0.9805954098701477
        ]
      ]
    ]
  }
}