{
  "source_image": "teste/passthrough_20260422_115323.png",
  "timestamp": null,
  "video_id": null,
  "image_size_hw": [
    960,
    1280
  ],
  "detections": [
    {
      "bbox_xyxy": [
        2.1678695678710938,
        692.3568115234375,
        98.32249450683594,
        795.099365234375
      ],
      "score": 0.437440425157547,
      "class_id": 1
    },
    {
      "bbox_xyxy": [
        1103.6171875,
        11.7579345703125,
        1280.0,
        685.8054809570312
      ],
      "score": 0.42197126150131226,
      "class_id": 1
    },
    {
      "bbox_xyxy": [
        403.46112060546875,
        1.73388671875,
        959.0501098632812,
        955.156494140625
      ],
      "score": 0.3920329511165619,
      "class_id": 1
    },
    {
      "bbox_xyxy": [
        5.09912109375,
        0.0,
        844.4164428710938,
        241.85482788085938
      ],
      "score": 0.3472587764263153,
      "class_id": 1
    },
    {
      "bbox_xyxy": [
        1130.6531982421875,
        6.5419921875,
        1277.4691162109375,
        456.9765930175781
      ],
      "score": 0.3351728916168213,
      "class_id": 1
    },
    {
      "bbox_xyxy": [
        0.0,
        583.5166015625,
        1230.404296875,
        957.7213134765625
      ],
      "score": 0.33357587456703186,
      "class_id": 1
    },
    {
      "bbox_xyxy": [
        0.66790771484375,
        633.6385498046875,
        521.4541625976562,
        956.554931640625
      ],
      "score": 0.31911957263946533,
      "class_id": 1
    },
    {
      "bbox_xyxy": [
        1127.2325439453125,
        30.021316528320312,
        1231.3758544921875,
        255.2716522216797
      ],
      "score": 0.318960040807724,
      "class_id": 1
    },
    {
      "bbox_xyxy": [
        1160.6043701171875,
        17.78289794921875,
        1278.1903076171875,
        444.89251708984375
      ],
      "score": 0.3054006099700928,
      "class_id": 1
    },
    {
      "bbox_xyxy": [
        1171.77978515625,
        0.0,
        1280.0,
        56.93585205078125
      ],
      "score": 0.30302950739860535,
      "class_id": 1
    },
    {
      "bbox_xyxy": [
        1142.0125732421875,
        45.94819641113281,
        1224.9376220703125,
        164.26055908203125
      ],
      "score": 0.30199316143989563,
      "class_id": 1
    },
    {
      "bbox_xyxy": [
        1099.0777587890625,
        489.04449462890625,
        1229.1422119140625,
        675.9325561523438
      ],
      "score": 0.2970099449157715,
      "class_id": 1
    },
    {
      "bbox_xyxy": [
        921.3531494140625,
        693.6323852539062,
        1210.3253173828125,
        957.2014770507812
      ],
      "score": 0.29594385623931885,
      "class_id": 1
    },
    {
      "bbox_xyxy": [
        993.870849609375,
        704.4287109375,
        1158.227783203125,
        957.7230224609375
      ],
      "score": 0.2940002977848053,
      "class_id": 1
    },
    {
      "bbox_xyxy": [
        930.49755859375,
        0.0,
        1280.0,
        955.680419921875
      ],
      "score": 0.2875407040119171,
      "class_id": 1
    },
    {
      "bbox_xyxy": [
        1107.5035400390625,
        452.239013671875,
        1279.9996337890625,
        677.318359375
      ],
      "score": 0.28701767325401306,
      "class_id": 1
    },
    {
      "bbox_xyxy": [
        0.0,
        0.0,
        996.310791015625,
        955.912109375
      ],
      "score": 0.26884034276008606,
      "class_id": 1
    },
    {
      "bbox_xyxy": [
        0.84674072265625,
        0.0,
        500.3700256347656,
        892.8565673828125
      ],
      "score": 0.2535425126552582,
      "class_id": 1
    }
  ],
  "boxes_3d": {
    "gravity_center_xyz": [
      [
        -0.7515323758125305,
        0.13558566570281982,
        1.065537452697754
      ],
      [
        0.5204744338989258,
        -0.24252250790596008,
        0.7787330746650696
      ],
      [
        0.03747677057981491,
        -0.21963244676589966,
        1.2539949417114258
      ],
      [
        -0.7200578451156616,
        -0.9830570816993713,
        1.6464622020721436
      ],
      [
        0.5122696757316589,
        -0.3455560803413391,
        0.7675109505653381
      ],
      [
        -0.35608622431755066,
        0.2518218755722046,
        1.7103831768035889
      ],
      [
        -0.6406952142715454,
        0.2891465425491333,
        1.0289232730865479
      ],
      [
        0.5030806064605713,
        -0.4531554579734802,
        0.8065370321273804
      ],
      [
        0.5154670476913452,
        -0.34335142374038696,
        0.75607830286026
      ],
      [
        0.569487988948822,
        -0.5912436246871948,
        0.8295361995697021
      ],
      [
        0.4931684136390686,
        -0.4797346889972687,
        0.784756600856781
      ],
      [
        0.5298643112182617,
        -0.051201045513153076,
        0.8761255741119385
      ],
      [
        0.43673354387283325,
        0.26167893409729004,
        0.9016718864440918
      ],
      [
        0.46979308128356934,
        0.25137859582901,
        0.9378049373626709
      ],
      [
        0.47189950942993164,
        -0.09992623329162598,
        0.8360725045204163
      ],
      [
        0.5506868958473206,
        -0.06908184289932251,
        0.8531408309936523
      ],
      [
        -0.1538199782371521,
        -0.11442184448242188,
        0.8681083917617798
      ],
      [
        -0.32983478903770447,
        -0.1293821930885315,
        0.7471981048583984
      ]
    ],
    "dims_lhw": [
      [
        0.08040003478527069,
        0.05434379354119301,
        0.13956184685230255
      ],
      [
        0.13346780836582184,
        0.6654741764068604,
        0.0664796233177185
      ],
      [
        0.7663135528564453,
        1.2658946514129639,
        0.37819600105285645
      ],
      [
        1.9438799619674683,
        0.05180817097425461,
        0.9388478398323059
      ],
      [
        0.10206959396600723,
        0.4308697581291199,
        0.06852281093597412
      ],
      [
        2.365046739578247,
        0.056507498025894165,
        1.1044071912765503
      ],
      [
        0.24931715428829193,
        0.36363211274147034,
        1.1736924648284912
      ],
      [
        0.06458523869514465,
        0.2193450778722763,
        0.05338835343718529
      ],
      [
        0.08021046221256256,
        0.41653749346733093,
        0.06109098717570305
      ],
      [
        0.11919385194778442,
        0.05577033385634422,
        0.037822235375642776
      ],
      [
        0.06268731504678726,
        0.11444460600614548,
        0.03981880471110344
      ],
      [
        0.1111990213394165,
        0.18894042074680328,
        0.04470071196556091
      ],
      [
        0.19027118384838104,
        0.3858022093772888,
        0.22103074193000793
      ],
      [
        0.11454257369041443,
        0.3594282269477844,
        0.15650445222854614
      ],
      [
        0.35779452323913574,
        1.2140885591506958,
        0.15822425484657288
      ],
      [
        0.14574310183525085,
        0.22519172728061676,
        0.04148823767900467
      ],
      [
        0.7016428112983704,
        1.0805162191390991,
        0.7356389760971069
      ],
      [
        0.14823104441165924,
        1.0063536167144775,
        0.4800190031528473
      ]
    ],
    "R_3x3": [
      [
        [
          0.7919483780860901,
          0.0,
          -0.6105880737304688
        ],
        [
          0.0,
          1.0,
          0.0
        ],
        [
          0.6105880737304688,
          0.0,
          0.7919483780860901
        ]
      ],
      [
        [
          0.805154025554657,
          0.0,
          0.5930657982826233
        ],
        [
          0.0,
          1.0,
          0.0
        ],
        [
          -0.5930657982826233,
          0.0,
          0.805154025554657
        ]
      ],
      [
        [
          0.7387656569480896,
          0.0,
          0.673962414264679
        ],
        [
          0.0,
          1.0,
          0.0
        ],
        [
          -0.673962414264679,
          0.0,
          0.7387656569480896
        ]
      ],
      [
        [
          0.7235721349716187,
          0.0,
          0.6902487874031067
        ],
        [
          0.0,
          1.0,
          0.0
        ],
        [
          -0.6902487874031067,
          0.0,
          0.7235721349716187
        ]
      ],
      [
        [
          0.7905312776565552,
          0.0,
          0.6124216914176941
        ],
        [
          0.0,
          1.0,
          0.0
        ],
        [
          -0.6124216914176941,
          0.0,
          0.7905312776565552
        ]
      ],
      [
        [
          0.7546750903129578,
          0.0,
          0.6560987830162048
        ],
        [
          0.0,
          1.0,
          0.0
        ],
        [
          -0.6560987830162048,
          0.0,
          0.7546750903129578
        ]
      ],
      [
        [
          0.7243694067001343,
          0.0,
          -0.6894120573997498
        ],
        [
          0.0,
          1.0,
          0.0
        ],
        [
          0.6894120573997498,
          0.0,
          0.7243694067001343
        ]
      ],
      [
        [
          0.7444648146629333,
          0.0,
          0.6676617860794067
        ],
        [
          0.0,
          1.0,
          0.0
        ],
        [
          -0.6676617860794067,
          0.0,
          0.7444648146629333
        ]
      ],
      [
        [
          0.8304154872894287,
          0.0,
          0.5571446418762207
        ],
        [
          0.0,
          1.0,
          0.0
        ],
        [
          -0.5571446418762207,
          0.0,
          0.8304154872894287
        ]
      ],
      [
        [
          0.7608510851860046,
          0.0,
          0.6489266157150269
        ],
        [
          0.0,
          1.0,
          0.0
        ],
        [
          -0.6489266157150269,
          0.0,
          0.7608510851860046
        ]
      ],
      [
        [
          0.7737922668457031,
          0.0,
          0.6334395408630371
        ],
        [
          0.0,
          1.0,
          0.0
        ],
        [
          -0.6334395408630371,
          0.0,
          0.7737922668457031
        ]
      ],
      [
        [
          0.7691023945808411,
          0.0,
          0.6391255855560303
        ],
        [
          0.0,
          1.0,
          0.0
        ],
        [
          -0.6391255855560303,
          0.0,
          0.7691023945808411
        ]
      ],
      [
        [
          0.6625869274139404,
          0.0,
          0.7489850521087646
        ],
        [
          0.0,
          1.0,
          0.0
        ],
        [
          -0.7489850521087646,
          0.0,
          0.6625869274139404
        ]
      ],
      [
        [
          0.7275488376617432,
          0.0,
          0.6860559582710266
        ],
        [
          0.0,
          1.0,
          0.0
        ],
        [
          -0.6860559582710266,
          0.0,
          0.7275488376617432
        ]
      ],
      [
        [
          0.6821975708007812,
          0.0,
          0.7311679124832153
        ],
        [
          0.0,
          1.0,
          0.0
        ],
        [
          -0.7311679124832153,
          0.0,
          0.6821975708007812
        ]
      ],
      [
        [
          0.7936843037605286,
          0.0,
          0.6083298921585083
        ],
        [
          0.0,
          1.0,
          0.0
        ],
        [
          -0.6083298921585083,
          0.0,
          0.7936843037605286
        ]
      ],
      [
        [
          0.7882500290870667,
          0.0,
          0.6153551340103149
        ],
        [
          0.0,
          1.0,
          0.0
        ],
        [
          -0.6153551340103149,
          0.0,
          0.7882500290870667
        ]
      ],
      [
        [
          0.9313971996307373,
          0.0,
          0.3640044927597046
        ],
        [
          0.0,
          1.0,
          0.0
        ],
        [
          -0.3640044927597046,
          0.0,
          0.9313971996307373
        ]
      ]
    ]
  }
}