{
  "source_image": "teste/passthrough_20260422_115313.png",
  "timestamp": null,
  "video_id": null,
  "image_size_hw": [
    960,
    1280
  ],
  "detections": [
    {
      "bbox_xyxy": [
        444.9415283203125,
        2.1081619262695312,
        558.3030395507812,
        67.6891098022461
      ],
      "score": 0.6842650771141052,
      "class_id": 1
    },
    {
      "bbox_xyxy": [
        1169.50341796875,
        526.631103515625,
        1280.0,
        643.8563232421875
      ],
      "score": 0.6091383695602417,
      "class_id": 1
    },
    {
      "bbox_xyxy": [
        1109.2880859375,
        600.9821166992188,
        1280.0,
        714.5448608398438
      ],
      "score": 0.5692585706710815,
      "class_id": 1
    },
    {
      "bbox_xyxy": [
        798.66064453125,
        700.430908203125,
        1123.6361083984375,
        901.0947265625
      ],
      "score": 0.5608434081077576,
      "class_id": 1
    },
    {
      "bbox_xyxy": [
        650.3603515625,
        67.49176025390625,
        816.3348388671875,
        341.05389404296875
      ],
      "score": 0.5553635954856873,
      "class_id": 1
    },
    {
      "bbox_xyxy": [
        455.0816650390625,
        115.64252471923828,
        581.7877197265625,
        317.22540283203125
      ],
      "score": 0.5456648468971252,
      "class_id": 1
    },
    {
      "bbox_xyxy": [
        1058.30322265625,
        612.488525390625,
        1280.0,
        911.0716552734375
      ],
      "score": 0.5255095362663269,
      "class_id": 1
    },
    {
      "bbox_xyxy": [
        917.5462646484375,
        136.76708984375,
        1085.7154541015625,
        351.1304931640625
      ],
      "score": 0.5136739015579224,
      "class_id": 1
    },
    {
      "bbox_xyxy": [
        1023.4295654296875,
        470.88848876953125,
        1147.5057373046875,
        615.5126342773438
      ],
      "score": 0.47954535484313965,
      "class_id": 1
    },
    {
      "bbox_xyxy": [
        467.5626220703125,
        678.2123413085938,
        1279.9989013671875,
        958.1902465820312
      ],
      "score": 0.46518099308013916,
      "class_id": 1
    },
    {
      "bbox_xyxy": [
        960.1209106445312,
        425.78521728515625,
        1009.3507690429688,
        526.0716552734375
      ],
      "score": 0.45438238978385925,
      "class_id": 1
    },
    {
      "bbox_xyxy": [
        877.109130859375,
        389.5415344238281,
        930.28271484375,
        495.3269348144531
      ],
      "score": 0.4475712180137634,
      "class_id": 1
    },
    {
      "bbox_xyxy": [
        1204.56494140625,
        667.1688232421875,
        1280.0,
        734.2413330078125
      ],
      "score": 0.44725239276885986,
      "class_id": 1
    },
    {
      "bbox_xyxy": [
        1160.923828125,
        0.0,
        1280.0,
        241.60940551757812
      ],
      "score": 0.4468015432357788,
      "class_id": 1
    },
    {
      "bbox_xyxy": [
        115.68212890625,
        569.6315307617188,
        1207.9833984375,
        959.3511352539062
      ],
      "score": 0.43737781047821045,
      "class_id": 1
    },
    {
      "bbox_xyxy": [
        821.7604370117188,
        449.38018798828125,
        985.9092407226562,
        560.6781005859375
      ],
      "score": 0.42073920369148254,
      "class_id": 1
    },
    {
      "bbox_xyxy": [
        837.6185302734375,
        867.3374633789062,
        1153.7161865234375,
        957.2368774414062
      ],
      "score": 0.40573132038116455,
      "class_id": 1
    },
    {
      "bbox_xyxy": [
        491.5469970703125,
        390.5789794921875,
        771.872802734375,
        687.820556640625
      ],
      "score": 0.3965998888015747,
      "class_id": 1
    },
    {
      "bbox_xyxy": [
        734.0250854492188,
        764.0096435546875,
        982.5848999023438,
        957.9295654296875
      ],
      "score": 0.3963884711265564,
      "class_id": 1
    },
    {
      "bbox_xyxy": [
        976.8178100585938,
        763.4577026367188,
        1280.0,
        958.1884155273438
      ],
      "score": 0.39448022842407227,
      "class_id": 1
    },
    {
      "bbox_xyxy": [
        917.900390625,
        338.8614807128906,
        975.0775146484375,
        504.0812683105469
      ],
      "score": 0.3741658926010132,
      "class_id": 1
    },
    {
      "bbox_xyxy": [
        801.2666015625,
        532.4537353515625,
        1143.2841796875,
        881.3184814453125
      ],
      "score": 0.37028446793556213,
      "class_id": 1
    },
    {
      "bbox_xyxy": [
        47.36692810058594,
        431.25714111328125,
        130.70799255371094,
        486.7510986328125
      ],
      "score": 0.36120322346687317,
      "class_id": 1
    },
    {
      "bbox_xyxy": [
        820.7667236328125,
        846.6488647460938,
        1177.95556640625,
        957.9238891601562
      ],
      "score": 0.35081222653388977,
      "class_id": 1
    },
    {
      "bbox_xyxy": [
        52.699462890625,
        0.0,
        1280.0,
        213.2383270263672
      ],
      "score": 0.34297192096710205,
      "class_id": 1
    },
    {
      "bbox_xyxy": [
        979.064208984375,
        473.96392822265625,
        1053.343505859375,
        558.9650268554688
      ],
      "score": 0.3405765891075134,
      "class_id": 1
    },
    {
      "bbox_xyxy": [
        684.1549072265625,
        570.6318359375,
        837.68359375,
        634.475341796875
      ],
      "score": 0.3362709879875183,
      "class_id": 1
    },
    {
      "bbox_xyxy": [
        1101.167236328125,
        720.6346435546875,
        1280.0,
        860.4000244140625
      ],
      "score": 0.33444926142692566,
      "class_id": 1
    },
    {
      "bbox_xyxy": [
        1153.9771728515625,
        613.553955078125,
        1231.4329833984375,
        675.41552734375
      ],
      "score": 0.3341052234172821,
      "class_id": 1
    },
    {
      "bbox_xyxy": [
        539.234130859375,
        503.5833740234375,
        806.9227294921875,
        675.8720703125
      ],
      "score": 0.3326259255409241,
      "class_id": 1
    },
    {
      "bbox_xyxy": [
        774.5916137695312,
        521.3165283203125,
        898.1237182617188,
        627.1688232421875
      ],
      "score": 0.32819557189941406,
      "class_id": 1
    },
    {
      "bbox_xyxy": [
        967.276123046875,
        497.5020751953125,
        1018.1402587890625,
        565.6480712890625
      ],
      "score": 0.32713431119918823,
      "class_id": 1
    },
    {
      "bbox_xyxy": [
        914.9231567382812,
        465.521240234375,
        954.0090942382812,
        540.148681640625
      ],
      "score": 0.32614147663116455,
      "class_id": 1
    },
    {
      "bbox_xyxy": [
        833.3787841796875,
        504.923095703125,
        1166.6007080078125,
        788.2158203125
      ],
      "score": 0.3218667209148407,
      "class_id": 1
    },
    {
      "bbox_xyxy": [
        814.861328125,
        457.8153076171875,
        996.7481689453125,
        660.485107421875
      ],
      "score": 0.3165655732154846,
      "class_id": 1
    },
    {
      "bbox_xyxy": [
        0.003692626953125,
        475.26373291015625,
        180.75399780273438,
        727.9534301757812
      ],
      "score": 0.31655073165893555,
      "class_id": 1
    },
    {
      "bbox_xyxy": [
        913.0482788085938,
        449.0867919921875,
        966.0037231445312,
        534.691650390625
      ],
      "score": 0.3160671889781952,
      "class_id": 1
    },
    {
      "bbox_xyxy": [
        0.4346160888671875,
        0.0,
        227.4113311767578,
        950.3856201171875
      ],
      "score": 0.3153214454650879,
      "class_id": 1
    },
    {
      "bbox_xyxy": [
        994.485107421875,
        479.974365234375,
        1049.760986328125,
        564.6981201171875
      ],
      "score": 0.3077615201473236,
      "class_id": 1
    },
    {
      "bbox_xyxy": [
        399.87811279296875,
        582.4426879882812,
        866.6281127929688,
        802.2138061523438
      ],
      "score": 0.30413463711738586,
      "class_id": 1
    },
    {
      "bbox_xyxy": [
        398.9130554199219,
        356.1249084472656,
        439.1478576660156,
        402.5019836425781
      ],
      "score": 0.30382123589515686,
      "class_id": 1
    },
    {
      "bbox_xyxy": [
        15.656158447265625,
        674.3242797851562,
        233.23529052734375,
        956.4697875976562
      ],
      "score": 0.30097517371177673,
      "class_id": 1
    },
    {
      "bbox_xyxy": [
        845.53515625,
        513.8840942382812,
        1150.3680419921875,
        783.4375610351562
      ],
      "score": 0.29855164885520935,
      "class_id": 1
    },
    {
      "bbox_xyxy": [
        1154.721923828125,
        618.502685546875,
        1217.3984375,
        671.8612060546875
      ],
      "score": 0.29724574089050293,
      "class_id": 1
    },
    {
      "bbox_xyxy": [
        1102.909423828125,
        719.0310668945312,
        1280.0,
        862.0188598632812
      ],
      "score": 0.294308066368103,
      "class_id": 1
    },
    {
      "bbox_xyxy": [
        709.0377807617188,
        563.8895874023438,
        827.8124389648438,
        616.6998901367188
      ],
      "score": 0.28563809394836426,
      "class_id": 1
    },
    {
      "bbox_xyxy": [
        556.1504516601562,
        539.1224975585938,
        836.1546020507812,
        659.5557250976562
      ],
      "score": 0.2851381301879883,
      "class_id": 1
    },
    {
      "bbox_xyxy": [
        31.591094970703125,
        478.6165771484375,
        131.59454345703125,
        503.80560302734375
      ],
      "score": 0.2846362590789795,
      "class_id": 1
    },
    {
      "bbox_xyxy": [
        486.29913330078125,
        394.697998046875,
        838.5187377929688,
        723.8287353515625
      ],
      "score": 0.2765709161758423,
      "class_id": 1
    },
    {
      "bbox_xyxy": [
        1109.11962890625,
        730.2708129882812,
        1280.0,
        837.3560180664062
      ],
      "score": 0.2699068486690521,
      "class_id": 1
    },
    {
      "bbox_xyxy": [
        1148.556396484375,
        595.9946899414062,
        1279.99609375,
        673.4845581054688
      ],
      "score": 0.2693316638469696,
      "class_id": 1
    },
    {
      "bbox_xyxy": [
        561.7430419921875,
        540.976806640625,
        831.624755859375,
        661.34033203125
      ],
      "score": 0.2688288986682892,
      "class_id": 1
    },
    {
      "bbox_xyxy": [
        911.0113525390625,
        520.2101440429688,
        1006.232666015625,
        579.8666381835938
      ],
      "score": 0.2682391405105591,
      "class_id": 1
    },
    {
      "bbox_xyxy": [
        519.3040161132812,
        394.99615478515625,
        754.6088256835938,
        588.4078979492188
      ],
      "score": 0.2666407525539398,
      "class_id": 1
    },
    {
      "bbox_xyxy": [
        561.8762817382812,
        408.75982666015625,
        760.4653930664062,
        586.3444213867188
      ],
      "score": 0.2636309564113617,
      "class_id": 1
    },
    {
      "bbox_xyxy": [
        796.2427978515625,
        538.2738647460938,
        1222.8021240234375,
        936.7124633789062
      ],
      "score": 0.261501282453537,
      "class_id": 1
    },
    {
      "bbox_xyxy": [
        848.4544677734375,
        517.1370239257812,
        1155.8048095703125,
        777.4241333007812
      ],
      "score": 0.2611287236213684,
      "class_id": 1
    },
    {
      "bbox_xyxy": [
        163.927001953125,
        647.64453125,
        1243.342529296875,
        957.9178466796875
      ],
      "score": 0.26053860783576965,
      "class_id": 1
    },
    {
      "bbox_xyxy": [
        446.4832763671875,
        167.58563232421875,
        586.3680419921875,
        538.6675415039062
      ],
      "score": 0.2595168948173523,
      "class_id": 1
    },
    {
      "bbox_xyxy": [
        877.9927978515625,
        391.04736328125,
        928.5478515625,
        494.66070556640625
      ],
      "score": 0.2578050494194031,
      "class_id": 1
    },
    {
      "bbox_xyxy": [
        980.580078125,
        467.2510986328125,
        1152.353759765625,
        645.28173828125
      ],
      "score": 0.25733938813209534,
      "class_id": 1
    },
    {
      "bbox_xyxy": [
        709.1190185546875,
        723.6273193359375,
        1180.5032958984375,
        959.044921875
      ],
      "score": 0.2530224323272705,
      "class_id": 1
    }
  ],
  "boxes_3d": {
    "gravity_center_xyz": [
      [
        -0.1955634206533432,
        -0.8425586819648743,
        1.1858866214752197
      ],
      [
        0.9656570553779602,
        -0.08259749412536621,
        1.4110047817230225
      ],
      [
        0.8565962314605713,
        0.028951287269592285,
        1.2845386266708374
      ],
      [
        0.3274773061275482,
        0.16781073808670044,
        0.9088430404663086
      ],
      [
        0.21311861276626587,
        -0.960875391960144,
        2.0198373794555664
      ],
      [
        -0.2627752721309662,
        -0.8694363832473755,
        1.8320964574813843
      ],
      [
        0.915044367313385,
        0.16550564765930176,
        1.3134695291519165
      ],
      [
        0.8068559169769287,
        -0.8449884653091431,
        1.9687068462371826
      ],
      [
        0.8875174522399902,
        -0.18288075923919678,
        1.7345272302627563
      ],
      [
        0.190106600522995,
        0.2796657085418701,
        0.7464508414268494
      ],
      [
        0.8170023560523987,
        -0.37681496143341064,
        2.058521032333374
      ],
      [
        0.7111162543296814,
        -0.5220160484313965,
        2.3470239639282227
      ],
      [
        0.7979947328567505,
        0.08648169040679932,
        1.126366376876831
      ],
      [
        0.9012633562088013,
        -0.7849797010421753,
        1.3120429515838623
      ],
      [
        -0.1312112808227539,
        0.18642044067382812,
        1.957981824874878
      ],
      [
        0.6970959305763245,
        -0.34189116954803467,
        2.319460868835449
      ],
      [
        0.24541959166526794,
        0.23463094234466553,
        0.6089502573013306
      ],
      [
        -0.04153888672590256,
        -0.2452986240386963,
        1.8884897232055664
      ],
      [
        0.16464756429195404,
        0.18915921449661255,
        0.699615478515625
      ],
      [
        0.5103198885917664,
        0.21595412492752075,
        0.8043310642242432
      ],
      [
        0.774044394493103,
        -0.5367071628570557,
        2.1907639503479004
      ],
      [
        0.4856627583503723,
        0.0787164568901062,
        1.289013147354126
      ],
      [
        -1.3143088817596436,
        -0.4103449583053589,
        2.0469720363616943
      ],
      [
        0.24137520790100098,
        0.23098409175872803,
        0.5964542627334595
      ],
      [
        0.04998930171132088,
        -0.9202706217765808,
        1.464616060256958
      ],
      [
        0.8410997986793518,
        -0.262296199798584,
        1.9402951002120972
      ],
      [
        0.26879647374153137,
        -0.07220625877380371,
        1.9935486316680908
      ],
      [
        0.8683395385742188,
        0.23701012134552002,
        1.3386027812957764
      ],
      [
        0.8035940527915955,
        0.013654947280883789,
        1.2581138610839844
      ],
      [
        0.05347785726189613,
        -0.11151289939880371,
        1.8931680917739868
      ],
      [
        0.5037292242050171,
        -0.15742814540863037,
        2.255552291870117
      ],
      [
        0.7656754851341248,
        -0.22013568878173828,
        1.8797786235809326
      ],
      [
        0.7117329835891724,
        -0.3156670331954956,
        2.103879451751709
      ],
      [
        0.7651377320289612,
        -0.00862574577331543,
        1.917653203010559
      ],
      [
        0.6966966390609741,
        -0.2003023624420166,
        2.3052310943603516
      ],
      [
        -1.453800916671753,
        -0.11953282356262207,
        2.255733013153076
      ],
      [
        0.7394156455993652,
        -0.35004186630249023,
        2.1450717449188232
      ],
      [
        -0.37949973344802856,
        -0.06419718265533447,
        0.5856508016586304
      ],
      [
        0.846028208732605,
        -0.24742496013641357,
        1.916277527809143
      ],
      [
        -0.030909758061170578,
        0.08869385719299316,
        1.9540122747421265
      ],
      [
        -0.4986644387245178,
        -0.5569185614585876,
        1.90974760055542
      ],
      [
        -0.9297322630882263,
        0.2812768220901489,
        1.5697981119155884
      ],
      [
        0.7570202350616455,
        0.0025086402893066406,
        1.872327446937561
      ],
      [
        0.7958008050918579,
        0.015124142169952393,
        1.2606329917907715
      ],
      [
        0.870074987411499,
        0.23501205444335938,
        1.336471676826477
      ],
      [
        0.30273935198783875,
        -0.10354399681091309,
        2.0887258052825928
      ],
      [
        0.10880071669816971,
        -0.08356702327728271,
        1.9524891376495361
      ],
      [
        -1.2830835580825806,
        -0.32815980911254883,
        1.9752330780029297
      ],
      [
        0.01663670316338539,
        -0.21340274810791016,
        1.9135966300964355
      ],
      [
        0.8778589963912964,
        0.23662972450256348,
        1.3580758571624756
      ],
      [
        0.9107135534286499,
        0.0008944869041442871,
        1.3339154720306396
      ],
      [
        0.11156982183456421,
        -0.0789872407913208,
        1.943726658821106
      ],
      [
        0.6855078935623169,
        -0.17888128757476807,
        1.8666462898254395
      ],
      [
        -0.023798925802111626,
        -0.3221486806869507,
        1.8962997198104858
      ],
      [
        0.030638350173830986,
        -0.2993515729904175,
        1.905648112297058
      ],
      [
        0.4945351183414459,
        0.11880356073379517,
        1.1912130117416382
      ],
      [
        0.7642958760261536,
        0.0023537874221801758,
        1.8902305364608765
      ],
      [
        0.12195394933223724,
        0.2974001169204712,
        1.3842151165008545
      ],
      [
        -0.2776513695716858,
        -0.5916579365730286,
        1.893884301185608
      ],
      [
        0.7093779444694519,
        -0.5222216844558716,
        2.3480026721954346
      ],
      [
        0.859417736530304,
        -0.16644537448883057,
        1.7562357187271118
      ],
      [
        0.2589910626411438,
        0.20083272457122803,
        0.773768961429596
      ]
    ],
    "dims_lhw": [
      [
        0.16605623066425323,
        0.06904768943786621,
        0.0994914174079895
      ],
      [
        0.16692039370536804,
        0.15965090692043304,
        0.047197066247463226
      ],
      [
        0.2171103060245514,
        0.090255968272686,
        0.22515203058719635
      ],
      [
        0.2654515206813812,
        0.04946201667189598,
        0.2972651720046997
      ],
      [
        0.4282764196395874,
        0.5415358543395996,
        0.05371580272912979
      ],
      [
        0.2883993089199066,
        0.35923174023628235,
        0.0289815291762352
      ],
      [
        0.368673175573349,
        0.2877376675605774,
        0.28937745094299316
      ],
      [
        0.5020144581794739,
        0.3811863958835602,
        0.07328873872756958
      ],
      [
        0.22127069532871246,
        0.2459106594324112,
        0.09101659059524536
      ],
      [
        0.7040113806724548,
        0.35060104727745056,
        0.5047109723091125
      ],
      [
        0.10581929981708527,
        0.22436155378818512,
        0.0521555170416832
      ],
      [
        0.07624846696853638,
        0.273196816444397,
        0.09914413839578629
      ],
      [
        0.08898383378982544,
        0.052141714841127396,
        0.07783032208681107
      ],
      [
        0.18470881879329681,
        0.38296717405319214,
        0.0455453060567379
      ],
      [
        1.7174004316329956,
        0.039373040199279785,
        1.9590539932250977
      ],
      [
        0.23288263380527496,
        0.22471728920936584,
        0.292008638381958
      ],
      [
        0.24607130885124207,
        0.04046110063791275,
        0.15855462849140167
      ],
      [
        0.4371839463710785,
        0.5463551878929138,
        0.4956507980823517
      ],
      [
        0.13098841905593872,
        0.05596892908215523,
        0.26265019178390503
      ],
      [
        0.333027720451355,
        0.03687860071659088,
        0.30051177740097046
      ],
      [
        0.14181314408779144,
        0.3871903419494629,
        0.05999810993671417
      ],
      [
        0.3397465646266937,
        0.4291989207267761,
        0.3650122582912445
      ],
      [
        0.15838657319545746,
        0.09893281757831573,
        0.4358889162540436
      ],
      [
        0.2628759741783142,
        0.054885365068912506,
        0.18138639628887177
      ],
      [
        1.7805067300796509,
        0.043707311153411865,
        1.2355769872665405
      ],
      [
        0.132355198264122,
        0.16243241727352142,
        0.06298303604125977
      ],
      [
        0.2301395982503891,
        0.06805600970983505,
        0.2832086384296417
      ],
      [
        0.2837314307689667,
        0.08852021396160126,
        0.10711345821619034
      ],
      [
        0.07725115865468979,
        0.08255372196435928,
        0.08501546829938889
      ],
      [
        0.4268288016319275,
        0.3083208501338959,
        0.3968660235404968
      ],
      [
        0.1742773950099945,
        0.21280503273010254,
        0.24184854328632355
      ],
      [
        0.06945938616991043,
        0.1327841877937317,
        0.06720688939094543
      ],
      [
        0.04746394231915474,
        0.1713949292898178,
        0.06089730188250542
      ],
      [
        0.7004072070121765,
        0.3915180265903473,
        0.3068157732486725
      ],
      [
        0.33685895800590515,
        0.4242410957813263,
        0.25779202580451965
      ],
      [
        0.32768940925598145,
        0.41815242171287537,
        0.792721152305603
      ],
      [
        0.06659240275621414,
        0.18533550202846527,
        0.07333742082118988
      ],
      [
        0.098860964179039,
        0.8554014563560486,
        0.4764035940170288
      ],
      [
        0.07505602389574051,
        0.1660204380750656,
        0.05597251281142235
      ],
      [
        0.9691236019134521,
        0.21952639520168304,
        0.45141080021858215
      ],
      [
        0.08038057386875153,
        0.08914846926927567,
        0.14900003373622894
      ],
      [
        0.256050169467926,
        0.03868603706359863,
        1.23987877368927
      ],
      [
        0.5863789319992065,
        0.37955304980278015,
        0.30797168612480164
      ],
      [
        0.07095927745103836,
        0.0706782341003418,
        0.06919427961111069
      ],
      [
        0.29270949959754944,
        0.09886003285646439,
        0.11032070964574814
      ],
      [
        0.1739581674337387,
        0.06469789147377014,
        0.23440195620059967
      ],
      [
        0.4277975261211395,
        0.12325651198625565,
        0.3979940712451935
      ],
      [
        0.19809013605117798,
        0.04472239688038826,
        0.3359874188899994
      ],
      [
        0.6044084429740906,
        0.5733358860015869,
        0.4923642575740814
      ],
      [
        0.2580875754356384,
        0.05558772012591362,
        0.09846984595060349
      ],
      [
        0.19728128612041473,
        0.05954523757100105,
        0.15999048948287964
      ],
      [
        0.4223858714103699,
        0.13245534896850586,
        0.38521039485931396
      ],
      [
        0.15681810677051544,
        0.09281639754772186,
        0.11043869704008102
      ],
      [
        0.35320138931274414,
        0.3561899960041046,
        0.36203867197036743
      ],
      [
        0.28914082050323486,
        0.29871270060539246,
        0.3281329572200775
      ],
      [
        0.374747633934021,
        0.4628688395023346,
        0.40933161973953247
      ],
      [
        0.6249427199363708,
        0.3673635721206665,
        0.29591596126556396
      ],
      [
        1.5725430250167847,
        0.04111963510513306,
        1.034666657447815
      ],
      [
        0.22666126489639282,
        0.7484998106956482,
        0.10683999210596085
      ],
      [
        0.06407244503498077,
        0.2672565281391144,
        0.08867744356393814
      ],
      [
        0.3150269389152527,
        0.26964128017425537,
        0.14510324597358704
      ],
      [
        0.35811570286750793,
        0.09243389219045639,
        0.34701287746429443
      ]
    ],
    "R_3x3": [
      [
        [
          0.9402614235877991,
          0.0,
          -0.34045329689979553
        ],
        [
          0.0,
          1.0,
          0.0
        ],
        [
          0.34045329689979553,
          0.0,
          0.9402614235877991
        ]
      ],
      [
        [
          0.3727758824825287,
          0.0,
          0.9279214143753052
        ],
        [
          0.0,
          1.0,
          0.0
        ],
        [
          -0.9279214143753052,
          0.0,
          0.3727758824825287
        ]
      ],
      [
        [
          0.3793351352214813,
          0.0,
          0.9252593517303467
        ],
        [
          0.0,
          1.0,
          0.0
        ],
        [
          -0.9252593517303467,
          0.0,
          0.3793351352214813
        ]
      ],
      [
        [
          0.9147381782531738,
          0.0,
          -0.4040471613407135
        ],
        [
          0.0,
          1.0,
          0.0
        ],
        [
          0.4040471613407135,
          0.0,
          0.9147381782531738
        ]
      ],
      [
        [
          0.8868305683135986,
          0.0,
          -0.4620947539806366
        ],
        [
          0.0,
          1.0,
          0.0
        ],
        [
          0.4620947539806366,
          0.0,
          0.8868305683135986
        ]
      ],
      [
        [
          0.868604838848114,
          0.0,
          -0.4955054521560669
        ],
        [
          0.0,
          1.0,
          0.0
        ],
        [
          0.4955054521560669,
          0.0,
          0.868604838848114
        ]
      ],
      [
        [
          0.3890308737754822,
          0.0,
          0.9212247133255005
        ],
        [
          0.0,
          1.0,
          0.0
        ],
        [
          -0.9212247133255005,
          0.0,
          0.3890308737754822
        ]
      ],
      [
        [
          0.21161769330501556,
          0.0,
          0.977352499961853
        ],
        [
          0.0,
          1.0,
          0.0
        ],
        [
          -0.977352499961853,
          0.0,
          0.21161769330501556
        ]
      ],
      [
        [
          0.27804744243621826,
          0.0,
          0.9605673551559448
        ],
        [
          0.0,
          1.0,
          0.0
        ],
        [
          -0.9605673551559448,
          0.0,
          0.27804744243621826
        ]
      ],
      [
        [
          0.938938558101654,
          0.0,
          -0.34408482909202576
        ],
        [
          0.0,
          1.0,
          0.0
        ],
        [
          0.34408482909202576,
          0.0,
          0.938938558101654
        ]
      ],
      [
        [
          0.28473353385925293,
          0.0,
          0.9586067199707031
        ],
        [
          0.0,
          1.0,
          0.0
        ],
        [
          -0.9586067199707031,
          0.0,
          0.28473353385925293
        ]
      ],
      [
        [
          0.9256788492202759,
          0.0,
          -0.37831035256385803
        ],
        [
          0.0,
          1.0,
          0.0
        ],
        [
          0.37831035256385803,
          0.0,
          0.9256788492202759
        ]
      ],
      [
        [
          0.3608243763446808,
          0.0,
          0.9326337575912476
        ],
        [
          0.0,
          1.0,
          0.0
        ],
        [
          -0.9326337575912476,
          0.0,
          0.3608243763446808
        ]
      ],
      [
        [
          0.3449718654155731,
          0.0,
          0.9386129975318909
        ],
        [
          0.0,
          1.0,
          0.0
        ],
        [
          -0.9386129975318909,
          0.0,
          0.3449718654155731
        ]
      ],
      [
        [
          0.9101845026016235,
          0.0,
          -0.41420310735702515
        ],
        [
          0.0,
          1.0,
          0.0
        ],
        [
          0.41420310735702515,
          0.0,
          0.9101845026016235
        ]
      ],
      [
        [
          0.9164564609527588,
          0.0,
          -0.40013447403907776
        ],
        [
          0.0,
          1.0,
          0.0
        ],
        [
          0.40013447403907776,
          0.0,
          0.9164564609527588
        ]
      ],
      [
        [
          0.930199384689331,
          0.0,
          -0.36705470085144043
        ],
        [
          0.0,
          1.0,
          0.0
        ],
        [
          0.36705470085144043,
          0.0,
          0.930199384689331
        ]
      ],
      [
        [
          0.9170951247215271,
          0.0,
          -0.398668497800827
        ],
        [
          0.0,
          1.0,
          0.0
        ],
        [
          0.398668497800827,
          0.0,
          0.9170951247215271
        ]
      ],
      [
        [
          0.9805546998977661,
          0.0,
          -0.19624584913253784
        ],
        [
          0.0,
          1.0,
          0.0
        ],
        [
          0.19624584913253784,
          0.0,
          0.9805546998977661
        ]
      ],
      [
        [
          0.9357669949531555,
          0.0,
          -0.352618932723999
        ],
        [
          0.0,
          1.0,
          0.0
        ],
        [
          0.352618932723999,
          0.0,
          0.9357669949531555
        ]
      ],
      [
        [
          0.2599416971206665,
          0.0,
          0.9656243324279785
        ],
        [
          0.0,
          1.0,
          0.0
        ],
        [
          -0.9656243324279785,
          0.0,
          0.2599416971206665
        ]
      ],
      [
        [
          0.4549187123775482,
          0.0,
          0.8905329704284668
        ],
        [
          0.0,
          1.0,
          0.0
        ],
        [
          -0.8905329704284668,
          0.0,
          0.4549187123775482
        ]
      ],
      [
        [
          0.9353020787239075,
          0.0,
          -0.35385027527809143
        ],
        [
          0.0,
          1.0,
          0.0
        ],
        [
          0.35385027527809143,
          0.0,
          0.9353020787239075
        ]
      ],
      [
        [
          0.9301199913024902,
          0.0,
          -0.3672557473182678
        ],
        [
          0.0,
          1.0,
          0.0
        ],
        [
          0.3672557473182678,
          0.0,
          0.9301199913024902
        ]
      ],
      [
        [
          0.9246004819869995,
          0.0,
          -0.38093823194503784
        ],
        [
          0.0,
          1.0,
          0.0
        ],
        [
          0.38093823194503784,
          0.0,
          0.9246004819869995
        ]
      ],
      [
        [
          0.3555581569671631,
          0.0,
          0.934654176235199
        ],
        [
          0.0,
          1.0,
          0.0
        ],
        [
          -0.934654176235199,
          0.0,
          0.3555581569671631
        ]
      ],
      [
        [
          0.9102655053138733,
          0.0,
          -0.4140249788761139
        ],
        [
          0.0,
          1.0,
          0.0
        ],
        [
          0.4140249788761139,
          0.0,
          0.9102655053138733
        ]
      ],
      [
        [
          0.35905590653419495,
          0.0,
          0.9333160519599915
        ],
        [
          0.0,
          1.0,
          0.0
        ],
        [
          -0.9333160519599915,
          0.0,
          0.35905590653419495
        ]
      ],
      [
        [
          0.3411553204059601,
          0.0,
          0.9400069117546082
        ],
        [
          0.0,
          1.0,
          0.0
        ],
        [
          -0.9400069117546082,
          0.0,
          0.3411553204059601
        ]
      ],
      [
        [
          0.9084169268608093,
          0.0,
          -0.4180653691291809
        ],
        [
          0.0,
          1.0,
          0.0
        ],
        [
          0.4180653691291809,
          0.0,
          0.9084169268608093
        ]
      ],
      [
        [
          0.9070371985435486,
          0.0,
          -0.421050488948822
        ],
        [
          0.0,
          1.0,
          0.0
        ],
        [
          0.421050488948822,
          0.0,
          0.9070371985435486
        ]
      ],
      [
        [
          0.4783693850040436,
          0.0,
          0.8781587481498718
        ],
        [
          0.0,
          1.0,
          0.0
        ],
        [
          -0.8781587481498718,
          0.0,
          0.4783693850040436
        ]
      ],
      [
        [
          0.9716902375221252,
          0.0,
          -0.23625850677490234
        ],
        [
          0.0,
          1.0,
          0.0
        ],
        [
          0.23625850677490234,
          0.0,
          0.9716902375221252
        ]
      ],
      [
        [
          0.32434412837028503,
          0.0,
          0.9459391832351685
        ],
        [
          0.0,
          1.0,
          0.0
        ],
        [
          -0.9459391832351685,
          0.0,
          0.32434412837028503
        ]
      ],
      [
        [
          0.35645535588264465,
          0.0,
          0.9343123435974121
        ],
        [
          0.0,
          1.0,
          0.0
        ],
        [
          -0.9343123435974121,
          0.0,
          0.35645535588264465
        ]
      ],
      [
        [
          0.919578492641449,
          0.0,
          -0.3929063677787781
        ],
        [
          0.0,
          1.0,
          0.0
        ],
        [
          0.3929063677787781,
          0.0,
          0.919578492641449
        ]
      ],
      [
        [
          0.9396970868110657,
          0.0,
          -0.3420078754425049
        ],
        [
          0.0,
          1.0,
          0.0
        ],
        [
          0.3420078754425049,
          0.0,
          0.9396970868110657
        ]
      ],
      [
        [
          0.946542501449585,
          0.0,
          -0.32257920503616333
        ],
        [
          0.0,
          1.0,
          0.0
        ],
        [
          0.32257920503616333,
          0.0,
          0.946542501449585
        ]
      ],
      [
        [
          0.3633945882320404,
          0.0,
          0.931635320186615
        ],
        [
          0.0,
          1.0,
          0.0
        ],
        [
          -0.931635320186615,
          0.0,
          0.3633945882320404
        ]
      ],
      [
        [
          0.9099910259246826,
          0.0,
          -0.41462790966033936
        ],
        [
          0.0,
          1.0,
          0.0
        ],
        [
          0.41462790966033936,
          0.0,
          0.9099910259246826
        ]
      ],
      [
        [
          0.9740309119224548,
          0.0,
          -0.22641511261463165
        ],
        [
          0.0,
          1.0,
          0.0
        ],
        [
          0.22641511261463165,
          0.0,
          0.9740309119224548
        ]
      ],
      [
        [
          0.9295675754547119,
          0.0,
          -0.36865177750587463
        ],
        [
          0.0,
          1.0,
          0.0
        ],
        [
          0.36865177750587463,
          0.0,
          0.9295675754547119
        ]
      ],
      [
        [
          0.3241969645023346,
          0.0,
          0.9459896087646484
        ],
        [
          0.0,
          1.0,
          0.0
        ],
        [
          -0.9459896087646484,
          0.0,
          0.3241969645023346
        ]
      ],
      [
        [
          0.34055373072624207,
          0.0,
          0.9402250647544861
        ],
        [
          0.0,
          1.0,
          0.0
        ],
        [
          -0.9402250647544861,
          0.0,
          0.34055373072624207
        ]
      ],
      [
        [
          0.3399204909801483,
          0.0,
          0.9404541850090027
        ],
        [
          0.0,
          1.0,
          0.0
        ],
        [
          -0.9404541850090027,
          0.0,
          0.3399204909801483
        ]
      ],
      [
        [
          0.9135968685150146,
          0.0,
          -0.40662118792533875
        ],
        [
          0.0,
          1.0,
          0.0
        ],
        [
          0.40662118792533875,
          0.0,
          0.9135968685150146
        ]
      ],
      [
        [
          0.9040722250938416,
          0.0,
          -0.42737966775894165
        ],
        [
          0.0,
          1.0,
          0.0
        ],
        [
          0.42737966775894165,
          0.0,
          0.9040722250938416
        ]
      ],
      [
        [
          0.9268612861633301,
          0.0,
          -0.3754040002822876
        ],
        [
          0.0,
          1.0,
          0.0
        ],
        [
          0.3754040002822876,
          0.0,
          0.9268612861633301
        ]
      ],
      [
        [
          0.926323652267456,
          0.0,
          -0.37672874331474304
        ],
        [
          0.0,
          1.0,
          0.0
        ],
        [
          0.37672874331474304,
          0.0,
          0.926323652267456
        ]
      ],
      [
        [
          0.36467263102531433,
          0.0,
          0.9311357736587524
        ],
        [
          0.0,
          1.0,
          0.0
        ],
        [
          -0.9311357736587524,
          0.0,
          0.36467263102531433
        ]
      ],
      [
        [
          0.3186105787754059,
          0.0,
          0.9478856921195984
        ],
        [
          0.0,
          1.0,
          0.0
        ],
        [
          -0.9478856921195984,
          0.0,
          0.3186105787754059
        ]
      ],
      [
        [
          0.9057098031044006,
          0.0,
          -0.423898309469223
        ],
        [
          0.0,
          1.0,
          0.0
        ],
        [
          0.423898309469223,
          0.0,
          0.9057098031044006
        ]
      ],
      [
        [
          0.33952808380126953,
          0.0,
          0.9405959248542786
        ],
        [
          0.0,
          1.0,
          0.0
        ],
        [
          -0.9405959248542786,
          0.0,
          0.33952808380126953
        ]
      ],
      [
        [
          0.9325490593910217,
          0.0,
          -0.361043244600296
        ],
        [
          0.0,
          1.0,
          0.0
        ],
        [
          0.361043244600296,
