{
  "source_image": "teste/passthrough_20260422_113624.png",
  "timestamp": null,
  "video_id": null,
  "image_size_hw": [
    960,
    1280
  ],
  "detections": [
    {
      "bbox_xyxy": [
        0.0,
        660.0978393554688,
        382.30218505859375,
        955.9973754882812
      ],
      "score": 0.5926383137702942,
      "class_id": 1
    },
    {
      "bbox_xyxy": [
        0.0,
        467.7923583984375,
        244.2501983642578,
        842.94775390625
      ],
      "score": 0.5561280846595764,
      "class_id": 1
    },
    {
      "bbox_xyxy": [
        318.1334228515625,
        679.6143798828125,
        1047.055419921875,
        959.0419921875
      ],
      "score": 0.511712372303009,
      "class_id": 1
    },
    {
      "bbox_xyxy": [
        205.3614501953125,
        618.4273071289062,
        329.87347412109375,
        689.5250854492188
      ],
      "score": 0.5081106424331665,
      "class_id": 1
    },
    {
      "bbox_xyxy": [
        148.17221069335938,
        91.05010986328125,
        400.2489318847656,
        209.7979736328125
      ],
      "score": 0.5054212212562561,
      "class_id": 1
    },
    {
      "bbox_xyxy": [
        575.3649291992188,
        703.625732421875,
        882.5621948242188,
        877.1932373046875
      ],
      "score": 0.49139639735221863,
      "class_id": 1
    },
    {
      "bbox_xyxy": [
        2.3521575927734375,
        719.14306640625,
        201.65623474121094,
        843.9573974609375
      ],
      "score": 0.4739322364330292,
      "class_id": 1
    },
    {
      "bbox_xyxy": [
        1017.28515625,
        47.8397216796875,
        1280.0,
        953.758056640625
      ],
      "score": 0.429486483335495,
      "class_id": 1
    },
    {
      "bbox_xyxy": [
        193.609375,
        684.6228637695312,
        265.99969482421875,
        713.7465209960938
      ],
      "score": 0.418618768453598,
      "class_id": 1
    },
    {
      "bbox_xyxy": [
        70.02723693847656,
        430.68841552734375,
        112.54647827148438,
        476.3494873046875
      ],
      "score": 0.402967631816864,
      "class_id": 1
    },
    {
      "bbox_xyxy": [
        50.13653564453125,
        765.8964233398438,
        360.35577392578125,
        956.8367309570312
      ],
      "score": 0.39972370862960815,
      "class_id": 1
    },
    {
      "bbox_xyxy": [
        728.5999755859375,
        608.9346923828125,
        785.5887451171875,
        654.841796875
      ],
      "score": 0.37983256578445435,
      "class_id": 1
    },
    {
      "bbox_xyxy": [
        104.04888916015625,
        418.648681640625,
        147.64891052246094,
        469.7076416015625
      ],
      "score": 0.3765157163143158,
      "class_id": 1
    },
    {
      "bbox_xyxy": [
        18.013427734375,
        0.0,
        1195.2275390625,
        276.9312744140625
      ],
      "score": 0.3498394787311554,
      "class_id": 1
    },
    {
      "bbox_xyxy": [
        54.01348876953125,
        784.256103515625,
        336.75164794921875,
        956.5755615234375
      ],
      "score": 0.3302251994609833,
      "class_id": 1
    },
    {
      "bbox_xyxy": [
        732.0498046875,
        609.3268432617188,
        785.2930908203125,
        651.3327026367188
      ],
      "score": 0.3262234032154083,
      "class_id": 1
    },
    {
      "bbox_xyxy": [
        283.4862976074219,
        600.883544921875,
        388.8862609863281,
        680.2603759765625
      ],
      "score": 0.30970922112464905,
      "class_id": 1
    },
    {
      "bbox_xyxy": [
        470.20880126953125,
        121.79714965820312,
        847.5631713867188,
        294.469482421875
      ],
      "score": 0.308630108833313,
      "class_id": 1
    },
    {
      "bbox_xyxy": [
        379.47247314453125,
        466.1771240234375,
        425.19573974609375,
        538.1641845703125
      ],
      "score": 0.3007383942604065,
      "class_id": 1
    },
    {
      "bbox_xyxy": [
        217.53399658203125,
        592.63916015625,
        452.756591796875,
        877.630126953125
      ],
      "score": 0.2933359444141388,
      "class_id": 1
    },
    {
      "bbox_xyxy": [
        166.15603637695312,
        174.70166015625,
        395.2027282714844,
        840.3030395507812
      ],
      "score": 0.2795823812484741,
      "class_id": 1
    },
    {
      "bbox_xyxy": [
        787.74658203125,
        505.4371337890625,
        865.6612548828125,
        708.8013916015625
      ],
      "score": 0.27701541781425476,
      "class_id": 1
    },
    {
      "bbox_xyxy": [
        217.360107421875,
        626.8062744140625,
        1260.756591796875,
        958.6356201171875
      ],
      "score": 0.2748284935951233,
      "class_id": 1
    },
    {
      "bbox_xyxy": [
        876.4486083984375,
        650.853515625,
        935.4249267578125,
        714.0947265625
      ],
      "score": 0.2720474898815155,
      "class_id": 1
    },
    {
      "bbox_xyxy": [
        86.02285766601562,
        776.4295043945312,
        329.66241455078125,
        957.4387817382812
      ],
      "score": 0.2663683593273163,
      "class_id": 1
    },
    {
      "bbox_xyxy": [
        213.82431030273438,
        642.2083740234375,
        325.1393737792969,
        689.1405029296875
      ],
      "score": 0.2621793746948242,
      "class_id": 1
    },
    {
      "bbox_xyxy": [
        790.9907836914062,
        232.95880126953125,
        915.1272583007812,
        331.21954345703125
      ],
      "score": 0.25903406739234924,
      "class_id": 1
    }
  ],
  "boxes_3d": {
    "gravity_center_xyz": [
      [
        -0.5700695514678955,
        0.29933780431747437,
        1.0286850929260254
      ],
      [
        -0.6259294748306274,
        -0.01866394281387329,
        1.0086525678634644
      ],
      [
        0.06320668011903763,
        0.28058791160583496,
        1.1228399276733398
      ],
      [
        -0.5338985919952393,
        0.028302669525146484,
        1.2353019714355469
      ],
      [
        -0.6131576895713806,
        -0.8212311267852783,
        1.489778757095337
      ],
      [
        0.09598348289728165,
        0.18122488260269165,
        1.1032153367996216
      ],
      [
        -0.5758365988731384,
        0.154177725315094,
        0.913274884223938
      ],
      [
        0.8525843620300293,
        -0.16695129871368408,
        1.2786418199539185
      ],
      [
        -0.5259718298912048,
        0.08315575122833252,
        1.0996612310409546
      ],
      [
        -0.7817081212997437,
        -0.25608253479003906,
        1.2208071947097778
      ],
      [
        -0.5096966028213501,
        0.3305642604827881,
        1.0447113513946533
      ],
      [
        0.2859286069869995,
        -0.003411412239074707,
        2.1378605365753174
      ],
      [
        -0.7723535895347595,
        -0.283519446849823,
        1.2862628698349
      ],
      [
        0.1233254224061966,
        -0.9768791198730469,
        1.834528923034668
      ],
      [
        -0.5166552662849426,
        0.3300982117652893,
        1.0324740409851074
      ],
      [
        0.30064424872398376,
        -0.00796210765838623,
        2.2139124870300293
      ],
      [
        -0.500461220741272,
        0.010166406631469727,
        1.4165819883346558
      ],
      [
        0.06433259695768356,
        -1.0123589038848877,
        2.1155202388763428
      ],
      [
        -0.5736375451087952,
        -0.3158146142959595,
        2.0505707263946533
      ],
      [
        -0.5337646007537842,
        0.15986621379852295,
        1.5593583583831787
      ],
      [
        -0.6710734367370605,
        -0.24640172719955444,
        1.6623916625976562
      ],
      [
        0.5269743204116821,
        -0.09731829166412354,
        2.462191581726074
      ],
      [
        0.2151481807231903,
        0.2416168451309204,
        1.9017794132232666
      ],
      [
        0.7272816896438599,
        0.12733125686645508,
        2.3729262351989746
      ],
      [
        -0.5103424787521362,
        0.3125741481781006,
        1.0380613803863525
      ],
      [
        -0.5355305671691895,
        0.04495716094970703,
        1.2489228248596191
      ],
      [
        0.5754786729812622,
        -0.9643535017967224,
        2.371471881866455
      ]
    ],
    "dims_lhw": [
      [
        0.2686927914619446,
        0.34638071060180664,
        0.5909876823425293
      ],
      [
        0.4609087407588959,
        0.27691319584846497,
        0.0661964863538742
      ],
      [
        0.5912970900535583,
        0.2227333039045334,
        0.8167476654052734
      ],
      [
        0.12590272724628448,
        0.0671427845954895,
        0.11835815012454987
      ],
      [
        0.27296558022499084,
        0.09210007637739182,
        0.36584141850471497
      ],
      [
        0.28295546770095825,
        0.022514088079333305,
        0.35893890261650085
      ],
      [
        0.21472203731536865,
        0.016345880925655365,
        0.1068519800901413
      ],
      [
        0.20846815407276154,
        1.1266374588012695,
        0.8196014761924744
      ],
      [
        0.07116926461458206,
        0.017433319240808487,
        0.03996044397354126
      ],
      [
        0.043724678456783295,
        0.0634574145078659,
        0.023655984550714493
      ],
      [
        0.3036244809627533,
        0.20029854774475098,
        0.19728201627731323
      ],
      [
        0.12352193892002106,
        0.06860212236642838,
        0.2543562054634094
      ],
      [
        0.05289146676659584,
        0.0776236355304718,
        0.022179720923304558
      ],
      [
        1.6492947340011597,
        0.04236998409032822,
        1.8004132509231567
      ],
      [
        0.27153250575065613,
        0.17094308137893677,
        0.18471160531044006
      ],
      [
        0.126471608877182,
        0.0695989578962326,
        0.2533404231071472
      ],
      [
        0.11252706497907639,
        0.08098752796649933,
        0.1433127373456955
      ],
      [
        0.7584314346313477,
        0.23144656419754028,
        0.8431102633476257
      ],
      [
        0.055646926164627075,
        0.1584654003381729,
        0.10892238467931747
      ],
      [
        0.2238992154598236,
        0.36128780245780945,
        0.3801645338535309
      ],
      [
        0.13699761033058167,
        1.125433087348938,
        0.3344176411628723
      ],
      [
        0.12195777893066406,
        0.4209272563457489,
        0.4662134349346161
      ],
      [
        1.2023640871047974,
        0.054524656385183334,
        1.8648221492767334
      ],
      [
        0.11786811053752899,
        0.09521119296550751,
        0.2487475425004959
      ],
      [
        0.14149153232574463,
        0.14990605413913727,
        0.24955591559410095
      ],
      [
        0.11537822335958481,
        0.024401498958468437,
        0.11565549671649933
      ],
      [
        0.27736884355545044,
        0.20624637603759766,
        0.24808499217033386
      ]
    ],
    "R_3x3": [
      [
        [
          0.9899495840072632,
          0.0,
          0.14142072200775146
        ],
        [
          0.0,
          1.0,
          0.0
        ],
        [
          -0.14142072200775146,
          0.0,
          0.9899495840072632
        ]
      ],
      [
        [
          0.13761679828166962,
          0.0,
          -0.9904855489730835
        ],
        [
          0.0,
          1.0,
          0.0
        ],
        [
          0.9904855489730835,
          0.0,
          0.13761679828166962
        ]
      ],
      [
        [
          0.9961280822753906,
          0.0,
          0.0879136472940445
        ],
        [
          0.0,
          1.0,
          0.0
        ],
        [
          -0.0879136472940445,
          0.0,
          0.9961280822753906
        ]
      ],
      [
        [
          0.995659589767456,
          0.0,
          0.09306991845369339
        ],
        [
          0.0,
          1.0,
          0.0
        ],
        [
          -0.09306991845369339,
          0.0,
          0.995659589767456
        ]
      ],
      [
        [
          0.9970260858535767,
          0.0,
          0.07706467062234879
        ],
        [
          0.0,
          1.0,
          0.0
        ],
        [
          -0.07706467062234879,
          0.0,
          0.9970260858535767
        ]
      ],
      [
        [
          0.9856785535812378,
          0.0,
          -0.16863493621349335
        ],
        [
          0.0,
          1.0,
          0.0
        ],
        [
          0.16863493621349335,
          0.0,
          0.9856785535812378
        ]
      ],
      [
        [
          0.16580940783023834,
          0.0,
          -0.9861578345298767
        ],
        [
          0.0,
          1.0,
          0.0
        ],
        [
          0.9861578345298767,
          0.0,
          0.16580940783023834
        ]
      ],
      [
        [
          0.9975951313972473,
          0.0,
          0.06931015849113464
        ],
        [
          0.0,
          1.0,
          0.0
        ],
        [
          -0.06931015849113464,
          0.0,
          0.9975951313972473
        ]
      ],
      [
        [
          0.9977505803108215,
          0.0,
          0.06703530997037888
        ],
        [
          0.0,
          1.0,
          0.0
        ],
        [
          -0.06703530997037888,
          0.0,
          0.9977505803108215
        ]
      ],
      [
        [
          0.16788747906684875,
          0.0,
          -0.9858061671257019
        ],
        [
          0.0,
          1.0,
          0.0
        ],
        [
          0.9858061671257019,
          0.0,
          0.16788747906684875
        ]
      ],
      [
        [
          0.22505196928977966,
          0.0,
          -0.9743467569351196
        ],
        [
          0.0,
          1.0,
          0.0
        ],
        [
          0.9743467569351196,
          0.0,
          0.22505196928977966
        ]
      ],
      [
        [
          0.9886022806167603,
          0.0,
          0.15055076777935028
        ],
        [
          0.0,
          1.0,
          0.0
        ],
        [
          -0.15055076777935028,
          0.0,
          0.9886022806167603
        ]
      ],
      [
        [
          0.13522975146770477,
          0.0,
          -0.9908142685890198
        ],
        [
          0.0,
          1.0,
          0.0
        ],
        [
          0.9908142685890198,
          0.0,
          0.13522975146770477
        ]
      ],
      [
        [
          0.9939941763877869,
          0.0,
          0.10943299531936646
        ],
        [
          0.0,
          1.0,
          0.0
        ],
        [
          -0.10943299531936646,
          0.0,
          0.9939941763877869
        ]
      ],
      [
        [
          0.20207101106643677,
          0.0,
          -0.9793708920478821
        ],
        [
          0.0,
          1.0,
          0.0
        ],
        [
          0.9793708920478821,
          0.0,
          0.20207101106643677
        ]
      ],
      [
        [
          0.9910993576049805,
          0.0,
          0.1331244707107544
        ],
        [
          0.0,
          1.0,
          0.0
        ],
        [
          -0.1331244707107544,
          0.0,
          0.9910993576049805
        ]
      ],
      [
        [
          0.9943060874938965,
          0.0,
          0.10656192898750305
        ],
        [
          0.0,
          1.0,
          0.0
        ],
        [
          -0.10656192898750305,
          0.0,
          0.9943060874938965
        ]
      ],
      [
        [
          0.9983577132225037,
          0.0,
          0.05728720501065254
        ],
        [
          0.0,
          1.0,
          0.0
        ],
        [
          -0.05728720501065254,
          0.0,
          0.9983577132225037
        ]
      ],
      [
        [
          0.9999997615814209,
          0.0,
          0.0006719035445712507
        ],
        [
          0.0,
          1.0,
          0.0
        ],
        [
          -0.0006719035445712507,
          0.0,
          0.9999997615814209
        ]
      ],
      [
        [
          0.9947580695152283,
          0.0,
          0.10225638747215271
        ],
        [
          0.0,
          1.0,
          0.0
        ],
        [
          -0.10225638747215271,
          0.0,
          0.9947580695152283
        ]
      ],
      [
        [
          0.9785802364349365,
          0.0,
          0.20586568117141724
        ],
        [
          0.0,
          1.0,
          0.0
        ],
        [
          -0.20586568117141724,
          0.0,
          0.9785802364349365
        ]
      ],
      [
        [
          0.9961457848548889,
          0.0,
          0.08771300315856934
        ],
        [
          0.0,
          1.0,
          0.0
        ],
        [
          -0.08771300315856934,
          0.0,
          0.9961457848548889
        ]
      ],
      [
        [
          0.9972410798072815,
          0.0,
          0.07423112541437149
        ],
        [
          0.0,
          1.0,
          0.0
        ],
        [
          -0.07423112541437149,
          0.0,
          0.9972410798072815
        ]
      ],
      [
        [
          0.9890591502189636,
          0.0,
          0.14751966297626495
        ],
        [
          0.0,
          1.0,
          0.0
        ],
        [
          -0.14751966297626495,
          0.0,
          0.9890591502189636
        ]
      ],
      [
        [
          0.9859183430671692,
          0.0,
          0.1672275960445404
        ],
        [
          0.0,
          1.0,
          0.0
        ],
        [
          -0.1672275960445404,
          0.0,
          0.9859183430671692
        ]
      ],
      [
        [
          0.9937509298324585,
          0.0,
          0.11162009090185165
        ],
        [
          0.0,
          1.0,
          0.0
        ],
        [
          -0.11162009090185165,
          0.0,
          0.9937509298324585
        ]
      ],
      [
        [
          0.9911186099052429,
          0.0,
          0.132980614900589
        ],
        [
          0.0,
          1.0,
          0.0
        ],
        [
          -0.132980614900589,
          0.0,
          0.9911186099052429
        ]
      ]
    ]
  }
}