{
  "room_id": "teste",
  "world_frame": {
    "anchor_uuid": null,
    "units": "meters",
    "convention": "unity_left_handed_y_up"
  },
  "created_at": "2026-05-03T17:41:21Z",
  "n_captures_used": 10,
  "n_captures_skipped": 0,
  "skipped_reasons": {},
  "objects": [
    {
      "id": "obj_0000",
      "label": null,
      "score": 0.8695770502090454,
      "center_xyz": [
        -1.2727980613708496,
        1.3617697954177856,
        0.9125139117240906
      ],
      "dims_lhw": [
        0.7566580176353455,
        0.22685033082962036,
        0.16259634494781494
      ],
      "R_3x3": [
        [
          0.6877582669258118,
          -0.020912999287247658,
          -0.7256388664245605
        ],
        [
          -0.0715874657034874,
          0.9927589893341064,
          -0.09646177291870117
        ],
        [
          0.7224010825157166,
          0.11828900128602982,
          0.6812807321548462
        ]
      ],
      "evidence": {
        "n_frames": 3,
        "best_frame": "passthrough_20260430_174550.png",
        "frames": [
          "passthrough_20260430_174312.png",
          "passthrough_20260430_174314.png",
          "passthrough_20260430_174550.png"
        ]
      }
    },
    {
      "id": "obj_0001",
      "label": null,
      "score": 0.8480278253555298,
      "center_xyz": [
        -1.6798417568206787,
        0.8494616746902466,
        -1.2943845987319946
      ],
      "dims_lhw": [
        0.2964490056037903,
        0.15973816812038422,
        0.3112463653087616
      ],
      "R_3x3": [
        [
          -0.19390968978405,
          -0.24861399829387665,
          -0.948993980884552
        ],
        [
          0.11499979346990585,
          0.954925000667572,
          -0.27366548776626587
        ],
        [
          0.9742559790611267,
          -0.16220100224018097,
          -0.15657931566238403
        ]
      ],
      "evidence": {
        "n_frames": 3,
        "best_frame": "passthrough_20260430_174236.png",
        "frames": [
          "passthrough_20260430_174233.png",
          "passthrough_20260430_174236.png",
          "passthrough_20260430_174238.png"
        ]
      }
    },
    {
      "id": "obj_0002",
      "label": null,
      "score": 0.828163743019104,
      "center_xyz": [
        1.4139567613601685,
        0.8454097509384155,
        -0.2757168412208557
      ],
      "dims_lhw": [
        0.6362600326538086,
        0.10448575019836426,
        0.9384346008300781
      ],
      "R_3x3": [
        [
          0.6231151819229126,
          0.12417100369930267,
          0.7722105979919434
        ],
        [
          -0.0029820760246366262,
          0.9876869916915894,
          -0.15641404688358307
        ],
        [
          -0.7821242213249207,
          0.09516099840402603,
          0.6158137321472168
        ]
      ],
      "evidence": {
        "n_frames": 2,
        "best_frame": "passthrough_20260430_174546.png",
        "frames": [
          "passthrough_20260430_174546.png",
          "passthrough_20260430_174548.png"
        ]
      }
    },
    {
      "id": "obj_0003",
      "label": null,
      "score": 0.8090466260910034,
      "center_xyz": [
        1.0829826593399048,
        1.787474513053894,
        1.5340598821640015
      ],
      "dims_lhw": [
        0.6034273505210876,
        0.6590486168861389,
        0.19375984370708466
      ],
      "R_3x3": [
        [
          0.7796707153320312,
          0.12417100369930267,
          0.6137551665306091
        ],
        [
          -0.03779808431863785,
          0.9876869916915894,
          -0.15180762112140656
        ],
        [
          -0.6250477433204651,
          0.09516099840402603,
          0.7747646570205688
        ]
      ],
      "evidence": {
        "n_frames": 2,
        "best_frame": "passthrough_20260430_174546.png",
        "frames": [
          "passthrough_20260430_174253.png",
          "passthrough_20260430_174546.png"
        ]
      }
    },
    {
      "id": "obj_0004",
      "label": null,
      "score": 0.8013513684272766,
      "center_xyz": [
        1.040706753730774,
        0.972061812877655,
        -0.8361132740974426
      ],
      "dims_lhw": [
        0.29359906911849976,
        0.17536194622516632,
        0.3557504117488861
      ],
      "R_3x3": [
        [
          0.5489524006843567,
          0.6541150212287903,
          0.5203691720962524
        ],
        [
          -0.2820509672164917,
          0.731007993221283,
          -0.62134850025177
        ],
        [
          -0.7868277430534363,
          0.19431999325752258,
          0.5857833623886108
        ]
      ],
      "evidence": {
        "n_frames": 2,
        "best_frame": "passthrough_20260430_174548.png",
        "frames": [
          "passthrough_20260430_174546.png",
          "passthrough_20260430_174548.png"
        ]
      }
    },
    {
      "id": "obj_0005",
      "label": null,
      "score": 0.7904319763183594,
      "center_xyz": [
        -1.1381268501281738,
        0.8463823795318604,
        -1.3996061086654663
      ],
      "dims_lhw": [
        0.24290400743484497,
        0.10714926570653915,
        0.28446292877197266
      ],
      "R_3x3": [
        [
          -0.8860999345779419,
          -0.04249799996614456,
          0.4615430235862732
        ],
        [
          -0.17353087663650513,
          0.9537820219993591,
          -0.24533140659332275
        ],
        [
          -0.4297848045825958,
          -0.2974799871444702,
          -0.8525200486183167
        ]
      ],
      "evidence": {
        "n_frames": 3,
        "best_frame": "passthrough_20260430_174238.png",
        "frames": [
          "passthrough_20260430_174233.png",
          "passthrough_20260430_174236.png",
          "passthrough_20260430_174238.png"
        ]
      }
    },
    {
      "id": "obj_0006",
      "label": null,
      "score": 0.7659814953804016,
      "center_xyz": [
        -1.3457672595977783,
        1.0945993661880493,
        -2.0427987575531006
      ],
      "dims_lhw": [
        0.5806716084480286,
        0.3638482987880707,
        0.3155580163002014
      ],
      "R_3x3": [
        [
          -0.9829266667366028,
          -0.1736229956150055,
          -0.06090867891907692
        ],
        [
          -0.16445417702198029,
          0.9774609804153442,
          -0.13238152861595154
        ],
        [
          0.08252071589231491,
          -0.12010499835014343,
          -0.9893255233764648
        ]
      ],
      "evidence": {
        "n_frames": 3,
        "best_frame": "passthrough_20260430_174233.png",
        "frames": [
          "passthrough_20260430_174233.png",
          "passthrough_20260430_174236.png",
          "passthrough_20260430_174238.png"
        ]
      }
    },
    {
      "id": "obj_0007",
      "label": null,
      "score": 0.7502352595329285,
      "center_xyz": [
        -2.069532871246338,
        2.090575933456421,
        -0.41726887226104736
      ],
      "dims_lhw": [
        0.2148398458957672,
        0.5417394042015076,
        0.29532384872436523
      ],
      "R_3x3": [
        [
          0.04284647852182388,
          -0.1736229956150055,
          -0.9838795065879822
        ],
        [
          0.12933892011642456,
          0.9774609804153442,
          -0.16685768961906433
        ],
        [
          0.9906741976737976,
          -0.12010499835014343,
          0.0643373653292656
        ]
      ],
      "evidence": {
        "n_frames": 2,
        "best_frame": "passthrough_20260430_174233.png",
        "frames": [
          "passthrough_20260430_174233.png",
          "passthrough_20260430_174550.png"
        ]
      }
    },
    {
      "id": "obj_0008",
      "label": null,
      "score": 0.7411372661590576,
      "center_xyz": [
        -1.9927048683166504,
        1.7840731143951416,
        -1.680346965789795
      ],
      "dims_lhw": [
        0.3134588301181793,
        0.5676997303962708,
        0.15868647396564484
      ],
      "R_3x3": [
        [
          -0.9982941746711731,
          -0.04249799996614456,
          0.040046576410532
        ],
        [
          -0.05247332528233528,
          0.9537820219993591,
          -0.295883446931839
        ],
        [
          -0.025621123611927032,
          -0.2974799871444702,
          -0.9543840885162354
        ]
      ],
      "evidence": {
        "n_frames": 3,
        "best_frame": "passthrough_20260430_174238.png",
        "frames": [
          "passthrough_20260430_174233.png",
          "passthrough_20260430_174236.png",
          "passthrough_20260430_174238.png"
        ]
      }
    },
    {
      "id": "obj_0009",
      "label": null,
      "score": 0.740842342376709,
      "center_xyz": [
        -1.466201663017273,
        1.9979572296142578,
        -2.3432281017303467
      ],
      "dims_lhw": [
        0.500285804271698,
        0.6994519233703613,
        0.0692412257194519
      ],
      "R_3x3": [
        [
          -0.9989702701568604,
          -0.04249799996614456,
          -0.015916476026177406
        ],
        [
          -0.035822782665491104,
          0.9537820219993591,
          -0.2983574867248535
        ],
        [
          0.027860518544912338,
          -0.2974799871444702,
          -0.9543213248252869
        ]
      ],
      "evidence": {
        "n_frames": 3,
        "best_frame": "passthrough_20260430_174238.png",
        "frames": [
          "passthrough_20260430_174233.png",
          "passthrough_20260430_174236.png",
          "passthrough_20260430_174238.png"
        ]
      }
    },
    {
      "id": "obj_0010",
      "label": null,
      "score": 0.7181904315948486,
      "center_xyz": [
        0.12382752448320389,
        1.0259827375411987,
        1.3059279918670654
      ],
      "dims_lhw": [
        0.39132800698280334,
        0.1703314334154129,
        0.4007185399532318
      ],
      "R_3x3": [
        [
          0.8006301522254944,
          0.03866000100970268,
          -0.5979110598564148
        ],
        [
          -0.20892274379730225,
          0.9532970190048218,
          -0.21811902523040771
        ],
        [
          0.5615547299385071,
          0.29954999685287476,
          0.7713148593902588
        ]
      ],
      "evidence": {
        "n_frames": 2,
        "best_frame": "passthrough_20260430_174310.png",
        "frames": [
          "passthrough_20260430_174253.png",
          "passthrough_20260430_174310.png"
        ]
      }
    },
    {
      "id": "obj_0011",
      "label": null,
      "score": 0.7002378702163696,
      "center_xyz": [
        -1.3992960453033447,
        1.9631412029266357,
        0.9219530820846558
      ],
      "dims_lhw": [
        0.603739321231842,
        0.3182555139064789,
        0.0977468490600586
      ],
      "R_3x3": [
        [
          0.6825884580612183,
          -0.020912999287247658,
          -0.730504035949707
        ],
        [
          -0.07227058708667755,
          0.9927589893341064,
          -0.09595103561878204
        ],
        [
          0.727220356464386,
          0.11828900128602982,
          0.6761341094970703
        ]
      ],
      "evidence": {
        "n_frames": 2,
        "best_frame": "passthrough_20260430_174550.png",
        "frames": [
          "passthrough_20260430_174312.png",
          "passthrough_20260430_174550.png"
        ]
      }
    },
    {
      "id": "obj_0012",
      "label": null,
      "score": 0.6787927746772766,
      "center_xyz": [
        -1.9722239971160889,
        1.643769383430481,
        -0.3874838650226593
      ],
      "dims_lhw": [
        0.4069819152355194,
        0.5744005441665649,
        0.05952346324920654
      ],
      "R_3x3": [
        [
          0.057510219514369965,
          -0.1736229956150055,
          -0.9831313490867615
        ],
        [
          0.1318121999502182,
          0.9774609804153442,
          -0.16491085290908813
        ],
        [
          0.9896048903465271,
          -0.12010499835014343,
          0.07910002768039703
        ]
      ],
      "evidence": {
        "n_frames": 2,
        "best_frame": "passthrough_20260430_174233.png",
        "frames": [
          "passthrough_20260430_174233.png",
          "passthrough_20260430_174236.png"
        ]
      }
    },
    {
      "id": "obj_0013",
      "label": null,
      "score": 0.6697072386741638,
      "center_xyz": [
        1.153090000152588,
        1.0527769327163696,
        0.5581173300743103
      ],
      "dims_lhw": [
        0.36707764863967896,
        0.12142815440893173,
        0.21801164746284485
      ],
      "R_3x3": [
        [
          0.6293022632598877,
          0.6541150212287903,
          0.4196564257144928
        ],
        [
          -0.3834100365638733,
          0.731007993221283,
          -0.5644674301147461
        ],
        [
          -0.6759990453720093,
          0.19431999325752258,
          0.7108202576637268
        ]
      ],
      "evidence": {
        "n_frames": 2,
        "best_frame": "passthrough_20260430_174548.png",
        "frames": [
          "passthrough_20260430_174546.png",
          "passthrough_20260430_174548.png"
        ]
      }
    },
    {
      "id": "obj_0014",
      "label": null,
      "score": 0.6655706763267517,
      "center_xyz": [
        -1.9760384559631348,
        1.7365753650665283,
        -1.0354822874069214
      ],
      "dims_lhw": [
        0.42208826541900635,
        0.5686466693878174,
        0.05185076221823692
      ],
      "R_3x3": [
        [
          0.15525613725185394,
          -0.1736229956150055,
          -0.9724969267845154
        ],
        [
          0.14759927988052368,
          0.9774609804153442,
          -0.15094535052776337
        ],
        [
          0.9767853617668152,
          -0.12010499835014343,
          0.17738382518291473
        ]
      ],
      "evidence": {
        "n_frames": 2,
        "best_frame": "passthrough_20260430_174233.png",
        "frames": [
          "passthrough_20260430_174233.png",
          "passthrough_20260430_174236.png"
        ]
      }
    }
  ]
}