{
  "room_id": "teste",
  "world_frame": {
    "anchor_uuid": null,
    "units": "meters",
    "convention": "unity_left_handed_y_up"
  },
  "created_at": "2026-04-29T01:26:35Z",
  "n_captures_used": 10,
  "n_captures_skipped": 0,
  "skipped_reasons": {},
  "objects": [
    {
      "id": "obj_0000",
      "label": null,
      "score": 0.9040824174880981,
      "center_xyz": [
        0.12139749526977539,
        1.4267749786376953,
        2.1442108154296875
      ],
      "dims_lhw": [
        0.19456709921360016,
        0.14032599329948425,
        0.17408737540245056
      ],
      "R_3x3": [
        [
          0.251387357711792,
          0.2778339982032776,
          0.9271532297134399
        ],
        [
          0.09966171532869339,
          0.9453930258750916,
          -0.3103221654891968
        ],
        [
          -0.962741494178772,
          0.17041300237178802,
          0.20997150242328644
        ]
      ],
      "evidence": {
        "n_frames": 5,
        "best_frame": "passthrough_20260428_214230.png",
        "frames": [
          "passthrough_20260428_214103.png",
          "passthrough_20260428_214122.png",
          "passthrough_20260428_214141.png",
          "passthrough_20260428_214151.png",
          "passthrough_20260428_214230.png"
        ]
      }
    },
    {
      "id": "obj_0001",
      "label": null,
      "score": 0.8921332955360413,
      "center_xyz": [
        -0.749110758304596,
        1.7241005897521973,
        0.8150659799575806
      ],
      "dims_lhw": [
        0.301884263753891,
        0.4841246008872986,
        0.23068295419216156
      ],
      "R_3x3": [
        [
          -0.35590168833732605,
          -0.2587110102176666,
          -0.8979993462562561
        ],
        [
          -0.2638903260231018,
          0.9496319890022278,
          -0.1689993292093277
        ],
        [
          0.8964905738830566,
          0.17682600021362305,
          -0.40624651312828064
        ]
      ],
      "evidence": {
        "n_frames": 2,
        "best_frame": "passthrough_20260428_214151.png",
        "frames": [
          "passthrough_20260428_214122.png",
          "passthrough_20260428_214151.png"
        ]
      }
    },
    {
      "id": "obj_0002",
      "label": null,
      "score": 0.8824942111968994,
      "center_xyz": [
        1.3889261484146118,
        1.7337734699249268,
        2.578871965408325
      ],
      "dims_lhw": [
        0.0981842651963234,
        0.11884316056966782,
        0.06674616038799286
      ],
      "R_3x3": [
        [
          0.9383583664894104,
          -0.14092500507831573,
          -0.31563127040863037
        ],
        [
          0.061055757105350494,
          0.9663339853286743,
          -0.24994027614593506
        ],
        [
          0.340228408575058,
          0.2152629941701889,
          0.9153727293014526
        ]
      ],
      "evidence": {
        "n_frames": 5,
        "best_frame": "passthrough_20260428_214141.png",
        "frames": [
          "passthrough_20260428_214103.png",
          "passthrough_20260428_214113.png",
          "passthrough_20260428_214122.png",
          "passthrough_20260428_214141.png",
          "passthrough_20260428_214151.png"
        ]
      }
    },
    {
      "id": "obj_0003",
      "label": null,
      "score": 0.8727340698242188,
      "center_xyz": [
        1.854181170463562,
        1.5708200931549072,
        2.410003900527954
      ],
      "dims_lhw": [
        0.20476561784744263,
        0.09654629230499268,
        0.22747646272182465
      ],
      "R_3x3": [
        [
          0.9520397186279297,
          0.14349600672721863,
          -0.270241379737854
        ],
        [
          -0.19773273169994354,
          0.9625459909439087,
          -0.1854928731918335
        ],
        [
          0.23350194096565247,
          0.23003199696540833,
          0.9447552561759949
        ]
      ],
      "evidence": {
        "n_frames": 5,
        "best_frame": "passthrough_20260428_214145.png",
        "frames": [
          "passthrough_20260428_214103.png",
          "passthrough_20260428_214113.png",
          "passthrough_20260428_214141.png",
          "passthrough_20260428_214145.png",
          "passthrough_20260428_214151.png"
        ]
      }
    },
    {
      "id": "obj_0004",
      "label": null,
      "score": 0.8610919713973999,
      "center_xyz": [
        2.6028945446014404,
        2.9214818477630615,
        2.55193829536438
      ],
      "dims_lhw": [
        0.4250592887401581,
        0.214532732963562,
        0.44880005717277527
      ],
      "R_3x3": [
        [
          0.17979463934898376,
          0.16678999364376068,
          0.9694617986679077
        ],
        [
          -0.018700208514928818,
          0.9859229922294617,
          -0.16615404188632965
        ],
        [
          -0.9835265278816223,
          0.011744000017642975,
          0.18038225173950195
        ]
      ],
      "evidence": {
        "n_frames": 3,
        "best_frame": "passthrough_20260428_214131.png",
        "frames": [
          "passthrough_20260428_214103.png",
          "passthrough_20260428_214131.png",
          "passthrough_20260428_214145.png"
        ]
      }
    },
    {
      "id": "obj_0005",
      "label": null,
      "score": 0.8560015559196472,
      "center_xyz": [
        -0.5926867723464966,
        2.763948440551758,
        2.1933434009552
      ],
      "dims_lhw": [
        0.3667549192905426,
        0.43687334656715393,
        0.05694780871272087
      ],
      "R_3x3": [
        [
          0.9690237045288086,
          -0.14092500507831573,
          -0.20281162858009338
        ],
        [
          0.09009434282779694,
          0.9663339853286743,
          -0.24099990725517273
        ],
        [
          0.22994697093963623,
          0.2152629941701889,
          0.9490979909896851
        ]
      ],
      "evidence": {
        "n_frames": 2,
        "best_frame": "passthrough_20260428_214141.png",
        "frames": [
          "passthrough_20260428_214141.png",
          "passthrough_20260428_214151.png"
        ]
      }
    },
    {
      "id": "obj_0006",
      "label": null,
      "score": 0.8478689789772034,
      "center_xyz": [
        3.006408214569092,
        1.3909053802490234,
        1.3907420635223389
      ],
      "dims_lhw": [
        0.2980995774269104,
        0.23804044723510742,
        0.23783649504184723
      ],
      "R_3x3": [
        [
          0.9623405337333679,
          0.04258500039577484,
          -0.2684899866580963
        ],
        [
          -0.11232922226190567,
          0.9616870284080505,
          -0.2500823736190796
        ],
        [
          0.2475532442331314,
          0.27082300186157227,
          0.9302541613578796
        ]
      ],
      "evidence": {
        "n_frames": 6,
        "best_frame": "passthrough_20260428_214113.png",
        "frames": [
          "passthrough_20260428_214103.png",
          "passthrough_20260428_214113.png",
          "passthrough_20260428_214131.png",
          "passthrough_20260428_214145.png",
          "passthrough_20260428_214212.png",
          "passthrough_20260428_214230.png"
        ]
      }
    },
    {
      "id": "obj_0007",
      "label": null,
      "score": 0.8375319838523865,
      "center_xyz": [
        -1.3664147853851318,
        2.6883738040924072,
        1.1874215602874756
      ],
      "dims_lhw": [
        0.4216533601284027,
        0.596295177936554,
        0.07426129281520844
      ],
      "R_3x3": [
        [
          -0.12858599424362183,
          -0.2587110102176666,
          -0.9573580622673035
        ],
        [
          -0.21528638899326324,
          0.9496319890022278,
          -0.2277073711156845
        ],
        [
          0.9680478572845459,
          0.17682600021362305,
          -0.17780596017837524
        ]
      ],
      "evidence": {
        "n_frames": 1,
        "best_frame": "passthrough_20260428_214151.png",
        "frames": [
          "passthrough_20260428_214151.png"
        ]
      }
    },
    {
      "id": "obj_0008",
      "label": null,
      "score": 0.8366729021072388,
      "center_xyz": [
        -0.12685011327266693,
        1.0747894048690796,
        1.9833623170852661
      ],
      "dims_lhw": [
        0.6737523674964905,
        0.7313287258148193,
        0.4657500386238098
      ],
      "R_3x3": [
        [
          0.9754694700241089,
          -0.14092500507831573,
          -0.1691116839647293
        ],
        [
          0.09839124977588654,
          0.9663339853286743,
          -0.23773327469825745
        ],
        [
          0.1969211846590042,
          0.2152629941701889,
          0.9564960598945618
        ]
      ],
      "evidence": {
        "n_frames": 3,
        "best_frame": "passthrough_20260428_214141.png",
        "frames": [
          "passthrough_20260428_214103.png",
          "passthrough_20260428_214122.png",
          "passthrough_20260428_214141.png"
        ]
      }
    },
    {
      "id": "obj_0009",
      "label": null,
      "score": 0.8331648707389832,
      "center_xyz": [
        -0.44202232360839844,
        1.6161798238754272,
        2.151196241378784
      ],
      "dims_lhw": [
        0.22279846668243408,
        0.18776363134384155,
        0.06108924001455307
      ],
      "R_3x3": [
        [
          0.94814133644104,
          -0.14092500507831573,
          -0.2848990559577942
        ],
        [
          0.06916454434394836,
          0.9663339853286743,
          -0.24781890213489532
        ],
        [
          0.31023186445236206,
          0.2152629941701889,
          0.925969123840332
        ]
      ],
      "evidence": {
        "n_frames": 1,
        "best_frame": "passthrough_20260428_214141.png",
        "frames": [
          "passthrough_20260428_214141.png"
        ]
      }
    },
    {
      "id": "obj_0010",
      "label": null,
      "score": 0.8231999278068542,
      "center_xyz": [
        -0.758813738822937,
        1.6242663860321045,
        1.7844349145889282
      ],
      "dims_lhw": [
        0.34690219163894653,
        0.09624405205249786,
        0.23401856422424316
      ],
      "R_3x3": [
        [
          0.9716399312019348,
          -0.14092500507831573,
          -0.18988247215747833
        ],
        [
          0.09329739958047867,
          0.9663339853286743,
          -0.23977810144424438
        ],
        [
          0.21728086471557617,
          0.2152629941701889,
          0.9520775079727173
        ]
      ],
      "evidence": {
        "n_frames": 1,
        "best_frame": "passthrough_20260428_214141.png",
        "frames": [
          "passthrough_20260428_214141.png"
        ]
      }
    },
    {
      "id": "obj_0011",
      "label": null,
      "score": 0.8201740980148315,
      "center_xyz": [
        -0.14322082698345184,
        1.6903246641159058,
        2.1358234882354736
      ],
      "dims_lhw": [
        0.17603619396686554,
        0.15719914436340332,
        0.10422185808420181
      ],
      "R_3x3": [
        [
          0.9352473616600037,
          0.1669750064611435,
          -0.3121401369571686
        ],
        [
          -0.2213311791419983,
          0.9639800190925598,
          -0.14749671518802643
        ],
        [
          0.2762681245803833,
          0.2070319950580597,
          0.9385166168212891
        ]
      ],
      "evidence": {
        "n_frames": 4,
        "best_frame": "passthrough_20260428_214103.png",
        "frames": [
          "passthrough_20260428_214103.png",
          "passthrough_20260428_214122.png",
          "passthrough_20260428_214141.png",
          "passthrough_20260428_214151.png"
        ]
      }
    },
    {
      "id": "obj_0012",
      "label": null,
      "score": 0.819236695766449,
      "center_xyz": [
        0.35053750872612,
        1.4868522882461548,
        2.090822458267212
      ],
      "dims_lhw": [
        0.1986655294895172,
        0.035303983837366104,
        0.16736125946044922
      ],
      "R_3x3": [
        [
          0.9774006605148315,
          -0.14092500507831573,
          -0.15756700932979584
        ],
        [
          0.10119505971670151,
          0.9663339853286743,
          -0.2365533709526062
        ],
        [
          0.18559889495372772,
          0.2152629941701889,
          0.9587573409080505
        ]
      ],
      "evidence": {
        "n_frames": 4,
        "best_frame": "passthrough_20260428_214141.png",
        "frames": [
          "passthrough_20260428_214103.png",
          "passthrough_20260428_214122.png",
          "passthrough_20260428_214141.png",
          "passthrough_20260428_214151.png"
        ]
      }
    },
    {
      "id": "obj_0013",
      "label": null,
      "score": 0.8187674283981323,
      "center_xyz": [
        1.40639066696167,
        1.6886075735092163,
        2.4226303100585938
      ],
      "dims_lhw": [
        0.7648078799247742,
        0.5329325199127197,
        0.1340024769306183
      ],
      "R_3x3": [
        [
          0.9747990369796753,
          -0.14092500507831573,
          -0.17293457686901093
        ],
        [
          0.09745849668979645,
          0.9663339853286743,
          -0.23811717331409454
        ],
        [
          0.20066946744918823,
          0.2152629941701889,
          0.9557167291641235
        ]
      ],
      "evidence": {
        "n_frames": 4,
        "best_frame": "passthrough_20260428_214141.png",
        "frames": [
          "passthrough_20260428_214103.png",
          "passthrough_20260428_214141.png",
          "passthrough_20260428_214145.png",
          "passthrough_20260428_214151.png"
        ]
      }
    },
    {
      "id": "obj_0014",
      "label": null,
      "score": 0.8180646896362305,
      "center_xyz": [
        -0.8443245887756348,
        1.2846977710723877,
        0.7936688661575317
      ],
      "dims_lhw": [
        0.8077514171600342,
        0.6590355038642883,
        0.4641804099082947
      ],
      "R_3x3": [
        [
          -0.18152594566345215,
          -0.2587110102176666,
          -0.9487450122833252
        ],
        [
          -0.22759342193603516,
          0.9496319890022278,
          -0.2154068499803543
        ],
        [
          0.9566864371299744,
          0.17682600021362305,
          -0.2312633991241455
        ]
      ],
      "evidence": {
        "n_frames": 1,
        "best_frame": "passthrough_20260428_214151.png",
        "frames": [
          "passthrough_20260428_214151.png"
        ]
      }
    },
    {
      "id": "obj_0015",
      "label": null,
      "score": 0.8150987029075623,
      "center_xyz": [
        3.213740348815918,
        1.2909189462661743,
        1.3378381729125977
      ],
      "dims_lhw": [
        0.40227946639060974,
        0.1257723718881607,
        0.24405533075332642
      ],
      "R_3x3": [
        [
          0.18339475989341736,
          0.14349600672721863,
          0.9725103378295898
        ],
        [
          0.2025483399629593,
          0.9625459909439087,
          -0.18022210896015167
        ],
        [
          -0.9619464874267578,
          0.23003199696540833,
          0.14746074378490448
        ]
      ],
      "evidence": {
        "n_frames": 1,
        "best_frame": "passthrough_20260428_214145.png",
        "frames": [
          "passthrough_20260428_214145.png"
        ]
      }
    },
    {
      "id": "obj_0016",
      "label": null,
      "score": 0.814565122127533,
      "center_xyz": [
        0.38364818692207336,
        2.3242878913879395,
        2.432842254638672
      ],
      "dims_lhw": [
        0.3239000141620636,
        0.6263591647148132,
        0.05372967571020126
      ],
      "R_3x3": [
        [
          0.9670844078063965,
          -0.14092500507831573,
          -0.21186590194702148
        ],
        [
          0.0878363624215126,
          0.9663339853286743,
          -0.24183200299739838
        ],
        [
          0.23881366848945618,
          0.2152629941701889,
          0.946905791759491
        ]
      ],
      "evidence": {
        "n_frames": 4,
        "best_frame": "passthrough_20260428_214141.png",
        "frames": [
          "passthrough_20260428_214103.png",
          "passthrough_20260428_214122.png",
          "passthrough_20260428_214141.png",
          "passthrough_20260428_214151.png"
        ]
      }
    },
    {
      "id": "obj_0017",
      "label": null,
      "score": 0.8130062818527222,
      "center_xyz": [
        -0.9860360622406006,
        1.8855336904525757,
        0.9073624014854431
      ],
      "dims_lhw": [
        0.5452183485031128,
        0.38549041748046875,
        0.291730672121048
      ],
      "R_3x3": [
        [
          -0.1913120150566101,
          -0.2587110102176666,
          -0.9468202590942383
        ],
        [
          -0.2298053503036499,
          0.9496319890022278,
          -0.21304549276828766
        ],
        [
          0.9542476534843445,
          0.17682600021362305,
          -0.2411288022994995
        ]
      ],
      "evidence": {
        "n_frames": 1,
        "best_frame": "passthrough_20260428_214151.png",
        "frames": [
          "passthrough_20260428_214151.png"
        ]
      }
    },
    {
      "id": "obj_0018",
      "label": null,
      "score": 0.8091204166412354,
      "center_xyz": [
        -1.1064661741256714,
        2.481374979019165,
        1.8952547311782837
      ],
      "dims_lhw": [
        0.31523799896240234,
        0.4486486315727234,
        0.1598534733057022
      ],
      "R_3x3": [
        [
          0.9462548494338989,
          -0.2587110102176666,
          -0.1940891444683075
        ],
        [
          0.21237032115459442,
          0.9496319890022278,
          -0.23042944073677063
        ],
        [
          0.24392753839492798,
          0.17682600021362305,
          0.9535360932350159
        ]
      ],
      "evidence": {
        "n_frames": 2,
        "best_frame": "passthrough_20260428_214151.png",
        "frames": [
          "passthrough_20260428_214141.png",
          "passthrough_20260428_214151.png"
        ]
      }
    },
    {
      "id": "obj_0019",
      "label": null,
      "score": 0.7981232404708862,
      "center_xyz": [
        1.5172088146209717,
        1.6532073020935059,
        1.978102445602417
      ],
      "dims_lhw": [
        0.134844571352005,
        0.4731760025024414,
        0.8352890610694885
      ],
      "R_3x3": [
        [
          0.07417376339435577,
          0.16678999364376068,
          0.9831991195678711
        ],
        [
          -0.0006687480490654707,
          0.9859229922294617,
          -0.16720172762870789
        ],
        [
          -0.997245192527771,
          0.011744000017642975,
          0.07324085384607315
        ]
      ],
      "evidence": {
        "n_frames": 2,
        "best_frame": "passthrough_20260428_214131.png",
        "frames": [
          "passthrough_20260428_214131.png",
          "passthrough_20260428_214230.png"
        ]
      }
    },
    {
      "id": "obj_0020",
      "label": null,
      "score": 0.7834042906761169,
      "center_xyz": [
        -1.1319836378097534,
        1.8531440496444702,
        1.8098253011703491
      ],
      "dims_lhw": [
        0.07166421413421631,
        0.2206980437040329,
        0.10104887187480927
      ],
      "R_3x3": [
        [
          0.811463475227356,
          -0.14092500507831573,
          -0.5671565532684326
        ],
        [
          -0.011816154234111309,
          0.9663339853286743,
          -0.257018119096756
        ],
        [
          0.5842835307121277,
          0.2152629941701889,
          0.7824802994728088
        ]
      ],
      "evidence": {
        "n_frames": 1,
        "best_frame": "passthrough_20260428_214141.png",
        "frames": [
          "passthrough_20260428_214141.png"
        ]
      }
    },
    {
      "id": "obj_0021",
      "label": null,
      "score": 0.7764502763748169,
      "center_xyz": [
        -0.1696166694164276,
        1.6618678569793701,
        1.988690972328186
      ],
      "dims_lhw": [
        0.06886757910251617,
        0.12069502472877502,
        0.09302015602588654
      ],
      "R_3x3": [
        [
          0.869414746761322,
          -0.2587110102176666,
          -0.420935720205307
        ],
        [
          0.14914828538894653,
          0.9496319890022278,
          -0.27559694647789
        ],
        [
          0.47103351354599,
          0.17682600021362305,
          0.8642100691795349
        ]
      ],
      "evidence": {
        "n_frames": 3,
        "best_frame": "passthrough_20260428_214151.png",
        "frames": [
          "passthrough_20260428_214103.png",
          "passthrough_20260428_214141.png",
          "passthrough_20260428_214151.png"
        ]
      }
    },
    {
      "id": "obj_0022",
      "label": null,
      "score": 0.7736602425575256,
      "center_xyz": [
        1.1078039407730103,
        1.374995470046997,
        2.246978759765625
      ],
      "dims_lhw": [
        0.07876435667276382,
        0.040198322385549545,
        0.10952914506196976
      ],
      "R_3x3": [
        [
          0.926516056060791,
          -0.0254100002348423,
          -0.37539637088775635
        ],
        [
          -0.10613105446100235,
          0.9395530223846436,
          -0.32553979754447937
        ],
        [
          0.36097589135169983,
          0.3414590060710907,
          0.8678139448165894
        ]
      ],
      "evidence": {
        "n_frames": 4,
        "best_frame": "passthrough_20260428_214122.png",
        "frames": [
          "passthrough_20260428_214113.png",
          "passthrough_20260428_214122.png",
          "passthrough_20260428_214141.png",
          "passthrough_20260428_214230.png"
        ]
      }
    },
    {
      "id": "obj_0023",
      "label": null,
      "score": 0.7724692225456238,
      "center_xyz": [
        1.3242769241333008,
        1.450541615486145,
        2.3815011978149414
      ],
      "dims_lhw": [
        0.08088874071836472,
        0.18410229682922363,
        0.11749885231256485
      ],
      "R_3x3": [
        [
          0.29064345359802246,
          0.2778339982032776,
          0.9156064391136169
        ],
        [
          0.0863557830452919,
          0.9453930258750916,
          -0.31428489089012146
        ],
        [
          -0.9529262185096741,
          0.17041300237178802,
          0.25078076124191284
        ]
      ],
      "evidence": {
        "n_frames": 2,
        "best_frame": "passthrough_20260428_214230.png",
        "frames": [
          "passthrough_20260428_214145.png",
          "passthrough_20260428_214230.png"
        ]
      }
    },
    {
      "id": "obj_0024",
      "label": null,
      "score": 0.7715789675712585,
      "center_xyz": [
        -1.2162761688232422,
        2.559993267059326,
        0.6029795408248901
      ],
      "dims_lhw": [
        0.2548419237136841,
        0.41052520275115967,
        0.08431554585695267
      ],
      "R_3x3": [
        [
          -0.11384492367506027,
          -0.2587110102176666,
          -0.9592227339744568
        ],
        [
          -0.21175839006900787,
          0.9496319890022278,
          -0.2309919148683548
        ],
        [
          0.9706683158874512,
          0.17682600021362305,
          -0.16289469599723816
        ]
      ],
      "evidence": {
        "n_frames": 1,
        "best_frame": "passthrough_20260428_214151.png",
        "frames": [
          "passthrough_20260428_214151.png"
        ]
      }
    },
    {
      "id": "obj_0025",
      "label": null,
      "score": 0.7709318399429321,
      "center_xyz": [
        -1.2906513214111328,
        2.1948306560516357,
        0.3361455202102661
      ],
      "dims_lhw": [
        0.07342492789030075,
        0.10300638526678085,
        0.08197494596242905
      ],
      "R_3x3": [
        [
          0.0789358839392662,
          -0.2587110102176666,
          -0.9627242684364319
        ],
        [
          -0.16166210174560547,
          0.9496319890022278,
          -0.2684478461742401
        ],
        [
          0.983683705329895,
          0.17682600021362305,
          0.033136531710624695
        ]
      ],
      "evidence": {
        "n_frames": 1,
        "best_frame": "passthrough_20260428_214151.png",
        "frames": [
          "passthrough_20260428_214151.png"
        ]
      }
    },
    {
      "id": "obj_0026",
      "label": null,
      "score": 0.7675163745880127,
      "center_xyz": [
        1.2986558675765991,
        1.013392686843872,
        2.314293384552002
      ],
      "dims_lhw": [
        0.7299651503562927,
        0.6947550177574158,
        0.5040586590766907
      ],
      "R_3x3": [
        [
          0.9688359498977661,
          -0.0254100002348423,
          -0.24639660120010376
        ],
        [
          -0.061043452471494675,
          0.9395530223846436,
          -0.3369178771972656
        ],
        [
          0.24006295204162598,
          0.3414590060710907,
          0.9087212681770325
        ]
      ],
      "evidence": {
        "n_frames": 2,
        "best_frame": "passthrough_20260428_214122.png",
        "frames": [
          "passthrough_20260428_214113.png",
          "passthrough_20260428_214122.png"
        ]
      }
    },
    {
      "id": "obj_0027",
      "label": null,
      "score": 0.7629850506782532,
      "center_xyz": [
        1.8382723331451416,
        1.1641294956207275,
        2.445348024368286
      ],
      "dims_lhw": [
        0.27491724491119385,
        0.2994656562805176,
        0.34739619493484497
      ],
      "R_3x3": [
        [
          0.9701833724975586,
          -0.14092500507831573,
          -0.19718943536281586
        ],
        [
          0.0914902463555336,
          0.9663339853286743,
          -0.2404734492301941
        ],
        [
          0.2244398444890976,
          0.2152629941701889,
          0.9504153728485107
        ]
      ],
      "evidence": {
        "n_frames": 5,
        "best_frame": "passthrough_20260428_214141.png",
        "frames": [
          "passthrough_20260428_214103.png",
          "passthrough_20260428_214113.png",
          "passthrough_20260428_214141.png",
          "passthrough_20260428_214145.png",
          "passthrough_20260428_214151.png"
        ]
      }
    },
    {
      "id": "obj_0028",
      "label": null,
      "score": 0.7522969245910645,
      "center_xyz": [
        -1.0794883966445923,
        1.9827170372009277,
        1.7123106718063354
      ],
      "dims_lhw": [
        0.09482388943433762,
        0.30592846870422363,
        0.11550258845090866
      ],
      "R_3x3": [
        [
          0.9413486123085022,
          -0.14092500507831573,
          -0.30659788846969604
        ],
        [
          0.06345517188310623,
          0.9663339853286743,
          -0.2493419051170349
        ],
        [
          0.3314148485660553,
          0.2152629941701889,
          0.9186004400253296
        ]
      ],
      "evidence": {
        "n_frames": 3,
        "best_frame": "passthrough_20260428_214141.png",
        "frames": [
          "passthrough_20260428_214122.png",
          "passthrough_20260428_214141.png",
          "passthrough_20260428_214151.png"
        ]
      }
    },
    {
      "id": "obj_0029",
      "label": null,
      "score": 0.751396894454956,
      "center_xyz": [
        1.0596364736557007,
        1.32379150390625,
        1.814100742340088
      ],
      "dims_lhw": [
        0.13054543733596802,
        0.031025592237710953,
        0.06269008666276932
      ],
      "R_3x3": [
        [
          0.13966168463230133,
          0.2778339982032776,
          0.9504227042198181
        ],
        [
          0.13575974106788635,
          0.9453930258750916,
          -0.2963133454322815
        ],
        [
          -0.9808483719825745,
          0.17041300237178802,
          0.09431762993335724
        ]
      ],
      "evidence": {
        "n_frames": 1,
        "best_frame": "passthrough_20260428_214230.png",
        "frames": [
          "passthrough_20260428_214230.png"
        ]
      }
    },
    {
      "id": "obj_0030",
      "label": null,
      "score": 0.7472573518753052,
      "center_xyz": [
        0.5213235020637512,
        1.224639654159546,
        1.8216705322265625
      ],
      "dims_lhw": [
        0.22348442673683167,
        0.033543750643730164,
        0.24865686893463135
      ],
      "R_3x3": [
        [
          0.283365935087204,
          0.2778339982032776,
          0.9178847670555115
        ],
        [
          0.08884795010089874,
          0.9453930258750916,
          -0.3135894536972046
        ],
        [
          -0.9548869132995605,
          0.17041300237178802,
          0.24320822954177856
        ]
      ],
      "evidence": {
        "n_frames": 1,
        "best_frame": "passthrough_20260428_214230.png",
        "frames": [
          "passthrough_20260428_214230.png"
        ]
      }
    },
    {
      "id": "obj_0031",
      "label": null,
      "score": 0.7433766722679138,
      "center_xyz": [
        0.3224862515926361,
        1.3544225692749023,
        2.0931894779205322
      ],
      "dims_lhw": [
        0.08951453119516373,
        0.196766659617424,
        0.22877919673919678
      ],
      "R_3x3": [
        [
          0.22002150118350983,
          0.2778339982032776,
          0.9350931644439697
        ],
        [
          0.11005573719739914,
          0.9453930258750916,
          -0.30678990483283997
        ],
        [
          -0.9692664742469788,
          0.17041300237178802,
          0.1774306744337082
        ]
      ],
      "evidence": {
        "n_frames": 1,
        "best_frame": "passthrough_20260428_214230.png",
        "frames": [
          "passthrough_20260428_214230.png"
        ]
      }
    },
    {
      "id": "obj_0032",
      "label": null,
      "score": 0.7397958040237427,
      "center_xyz": [
        -0.49557697772979736,
        1.0677838325500488,
        1.8011035919189453
      ],
      "dims_lhw": [
        0.2567670941352844,
        0.1275419145822525,
        0.27529528737068176
      ],
      "R_3x3": [
        [
          0.980836033821106,
          -0.14092500507831573,
          -0.1345367133617401
        ],
        [
          0.1067303866147995,
          0.9663339853286743,
          -0.23410801589488983
        ],
        [
          0.16299928724765778,
          0.2152629941701889,
          0.9628571271896362
        ]
      ],
      "evidence": {
        "n_frames": 3,
        "best_frame": "passthrough_20260428_214141.png",
        "frames": [
          "passthrough_20260428_214122.png",
          "passthrough_20260428_214141.png",
          "passthrough_20260428_214151.png"
        ]
      }
    },
    {
      "id": "obj_0033",
      "label": null,
      "score": 0.7308601140975952,
      "center_xyz": [
        3.111497163772583,
        1.2681208848953247,
        1.2592872381210327
      ],
      "dims_lhw": [
        0.20790819823741913,
        0.10312224179506302,
        0.1594356894493103
      ],
      "R_3x3": [
        [
          0.2047300636768341,
          0.14349600672721863,
          0.9682435989379883
        ],
        [
          0.19853739440441132,
          0.9625459909439087,
          -0.1846313774585724
        ],
        [
          -0.9584722518920898,
          0.23003199696540833,
          0.16857251524925232
        ]
      ],
      "evidence": {
        "n_frames": 3,
        "best_frame": "passthrough_20260428_214145.png",
        "frames": [
          "passthrough_20260428_214103.png",
          "passthrough_20260428_214113.png",
          "passthrough_20260428_214145.png"
        ]
      }
    },
    {
      "id": "obj_0034",
      "label": null,
      "score": 0.7282054424285889,
      "center_xyz": [
        1.3998608589172363,
        1.0592529773712158,
        2.3747100830078125
      ],
      "dims_lhw": [
        1.2411890029907227,
        0.7128909230232239,
        0.4851754307746887
      ],
      "R_3x3": [
        [
          0.9479601979255676,
          -0.2587110102176666,
          -0.1855809986591339
        ],
        [
          0.2144317328929901,
          0.9496319890022278,
          -0.22851239144802094
        ],
        [
          0.23535196483135223,
          0.17682600021362305,
          0.9556888341903687
        ]
      ],
      "evidence": {
        "n_frames": 4,
        "best_frame": "passthrough_20260428_214151.png",
        "frames": [
          "passthrough_20260428_214103.png",
          "passthrough_20260428_214141.png",
          "passthrough_20260428_214145.png",
          "passthrough_20260428_214151.png"
        ]
      }
    },
    {
      "id": "obj_0035",
      "label": null,
      "score": 0.7167935967445374,
      "center_xyz": [
        1.921046257019043,
        1.0701963901519775,
        2.4558064937591553
      ],
      "dims_lhw": [
        0.23349741101264954,
        0.6633610129356384,
        0.42441263794898987
      ],
      "R_3x3": [
        [
          0.9748339056968689,
          0.04258500039577484,
          -0.2188265025615692
        ],
        [
          -0.09936732798814774,
          0.9616870284080505,
          -0.2555096745491028
        ],
        [
          0.19956140220165253,
          0.27082300186157227,
          0.9417168498039246
        ]
      ],
      "evidence": {
        "n_frames": 1,
        "best_frame": "passthrough_20260428_214113.png",
        "frames": [
          "passthrough_20260428_214113.png"
        ]
      }
    },
    {
      "id": "obj_0036",
      "label": null,
      "score": 0.7152315974235535,
      "center_xyz": [
        1.7877106666564941,
        1.1215424537658691,
        2.3956260681152344
      ],
      "dims_lhw": [
        0.2945546507835388,
        0.17433153092861176,
        0.35716554522514343
      ],
      "R_3x3": [
        [
          0.24775859713554382,
          0.1669750064611435,
          0.9543242454528809
        ],
        [
          0.1622195690870285,
          0.9639800190925598,
          -0.21077850461006165
        ],
        [
          -0.9551443457603455,
          0.2070319950580597,
          0.2117472141981125
        ]
      ],
      "evidence": {
        "n_frames": 3,
        "best_frame": "passthrough_20260428_214103.png",
        "frames": [
          "passthrough_20260428_214103.png",
          "passthrough_20260428_214141.png",
          "passthrough_20260428_214145.png"
        ]
      }
    },
    {
      "id": "obj_0037",
      "label": null,
      "score": 0.6925621628761292,
      "center_xyz": [
        0.6431090831756592,
        1.3801895380020142,
        2.0829644203186035
      ],
      "dims_lhw": [
        0.06393834203481674,
        0.03019370324909687,
        0.18019559979438782
      ],
      "R_3x3": [
        [
          0.9761605262756348,
          -0.14092500507831573,
          -0.16507583856582642
        ],
        [
          0.09937363117933273,
          0.9663339853286743,
          -0.2373242974281311
        ],
        [
          0.19296357035636902,
          0.2152629941701889,
          0.9573022723197937
        ]
      ],
      "evidence": {
        "n_frames": 1,
        "best_frame": "passthrough_20260428_214141.png",
        "frames": [
          "passthrough_20260428_214141.png"
        ]
      }
    },
    {
      "id": "obj_0038",
      "label": null,
      "score": 0.6915602684020996,
      "center_xyz": [
        0.6254478693008423,
        1.3982759714126587,
        2.0312111377716064
      ],
      "dims_lhw": [
        0.10562819242477417,
        0.04030448943376541,
        0.09567689150571823
      ],
      "R_3x3": [
        [
          0.9695834517478943,
          0.1669750064611435,
          -0.1789608746767044
        ],
        [
          -0.1986532062292099,
          0.9639800190925598,
          -0.17686060070991516
        ],
        [
          0.1429828554391861,
          0.2070319950580597,
          0.9678292870521545
        ]
      ],
      "evidence": {
        "n_frames": 4,
        "best_frame": "passthrough_20260428_214103.png",
        "frames": [
          "passthrough_20260428_214103.png",
          "passthrough_20260428_214131.png",
          "passthrough_20260428_214141.png",
          "passthrough_20260428_214230.png"
        ]
      }
    },
    {
      "id": "obj_0039",
      "label": null,
      "score": 0.6904091835021973,
      "center_xyz": [
        -1.0909518003463745,
        2.1950581073760986,
        1.5155073404312134
      ],
      "dims_lhw": [
        0.04509376734495163,
        0.38451680541038513,
        0.4714682400226593
      ],
      "R_3x3": [
        [
          0.9919617176055908,
          -0.0254100002348423,
          -0.12396170198917389
        ],
        [
          -0.018657473847270012,
          0.9395530223846436,
          -0.3418945074081421
        ],
        [
          0.12515538930892944,
          0.3414590060710907,
          0.9315260648727417
        ]
      ],
      "evidence": {
        "n_frames": 1,
        "best_frame": "passthrough_20260428_214122.png",
        "frames": [
          "passthrough_20260428_214122.png"
        ]
      }
    },
    {
      "id": "obj_0040",
      "label": null,
      "score": 0.6810027956962585,
      "center_xyz": [
        3.1061573028564453,
        1.9553706645965576,
        0.6217606067657471
      ],
      "dims_lhw": [
        0.23997145891189575,
        0.5698613524436951,
        0.19408220052719116
      ],
      "R_3x3": [
        [
          0.2511436343193054,
          0.1669750064611435,
          0.9534389972686768
        ],
        [
          0.16147057712078094,
          0.9639800190925598,
          -0.21135284006595612
        ],
        [
          -0.9543869495391846,
          0.2070319950580597,
          0.2151353657245636
        ]
      ],
      "evidence": {
        "n_frames": 5,
        "best_frame": "passthrough_20260428_214103.png",
        "frames": [
          "passthrough_20260428_214103.png",
          "passthrough_20260428_214131.png",
          "passthrough_20260428_214158.png",
          "passthrough_20260428_214212.png",
          "passthrough_20260428_214230.png"
        ]
      }
    },
    {
      "id": "obj_0041",
      "label": null,
      "score": 0.678124189376831,
      "center_xyz": [
        0.33749696612358093,
        1.426073431968689,
        2.0768022537231445
      ],
      "dims_lhw": [
        0.15240365266799927,
        0.052253607660532,
        0.19375015795230865
      ],
      "R_3x3": [
        [
          0.26040464639663696,
          0.2778339982032776,
          0.9246610999107361
        ],
        [
          0.0966348797082901,
          0.9453930258750916,
          -0.3112780451774597
        ],
        [
          -0.9606510400772095,
          0.17041300237178802,
          0.2193373292684555
        ]
      ],
      "evidence": {
        "n_frames": 2,
        "best_frame": "passthrough_20260428_214230.png",
        "frames": [
          "passthrough_20260428_214151.png",
          "passthrough_20260428_214230.png"
        ]
      }
    },
    {
      "id": "obj_0042",
      "label": null,
      "score": 0.678056001663208,
      "center_xyz": [
        -0.8336648941040039,
        1.6820135116577148,
        0.45125430822372437
      ],
      "dims_lhw": [
        0.10653664916753769,
        0.11420408636331558,
        0.09097601473331451
      ],
      "R_3x3": [
        [
          0.007486467715352774,
          -0.2587110102176666,
