{
  "source_image": "teste/10.jpeg",
  "timestamp": null,
  "video_id": null,
  "image_size_hw": [
    900,
    1600
  ],
  "detections": [
    {
      "bbox_xyxy": [
        775.141845703125,
        591.8939208984375,
        940.579345703125,
        688.2806396484375
      ],
      "score": 0.8736532330513,
      "class_id": 1
    },
    {
      "bbox_xyxy": [
        222.38589477539062,
        194.22042846679688,
        375.1431579589844,
        460.6266784667969
      ],
      "score": 0.8634064197540283,
      "class_id": 1
    },
    {
      "bbox_xyxy": [
        631.6351928710938,
        617.2709350585938,
        878.6206665039062,
        737.4789428710938
      ],
      "score": 0.8159952163696289,
      "class_id": 1
    },
    {
      "bbox_xyxy": [
        594.8196411132812,
        553.1744384765625,
        708.8776245117188,
        627.35595703125
      ],
      "score": 0.7942569255828857,
      "class_id": 1
    },
    {
      "bbox_xyxy": [
        665.07763671875,
        167.73902893066406,
        800.774169921875,
        225.46839904785156
      ],
      "score": 0.7698962092399597,
      "class_id": 1
    },
    {
      "bbox_xyxy": [
        312.7369079589844,
        529.12255859375,
        399.2180480957031,
        609.0125732421875
      ],
      "score": 0.7658423781394958,
      "class_id": 1
    },
    {
      "bbox_xyxy": [
        490.21807861328125,
        384.98553466796875,
        674.6550903320312,
        562.8069458007812
      ],
      "score": 0.7533324360847473,
      "class_id": 1
    },
    {
      "bbox_xyxy": [
        435.7552490234375,
        545.4364624023438,
        486.40020751953125,
        576.6908569335938
      ],
      "score": 0.7338332533836365,
      "class_id": 1
    },
    {
      "bbox_xyxy": [
        406.234375,
        512.3689575195312,
        462.15631103515625,
        574.2710571289062
      ],
      "score": 0.722521960735321,
      "class_id": 1
    },
    {
      "bbox_xyxy": [
        3.26617431640625,
        54.5302734375,
        132.79122924804688,
        301.38848876953125
      ],
      "score": 0.6991075277328491,
      "class_id": 1
    },
    {
      "bbox_xyxy": [
        834.9198608398438,
        443.14202880859375,
        979.3978881835938,
        558.8925170898438
      ],
      "score": 0.6917003393173218,
      "class_id": 1
    },
    {
      "bbox_xyxy": [
        322.4162292480469,
        605.0130004882812,
        381.8686828613281,
        631.2813110351562
      ],
      "score": 0.6834975481033325,
      "class_id": 1
    },
    {
      "bbox_xyxy": [
        437.1990661621094,
        545.643310546875,
        482.7529602050781,
        577.537841796875
      ],
      "score": 0.6394397616386414,
      "class_id": 1
    },
    {
      "bbox_xyxy": [
        801.4451904296875,
        553.9359741210938,
        985.74853515625,
        615.3175659179688
      ],
      "score": 0.596123993396759,
      "class_id": 1
    },
    {
      "bbox_xyxy": [
        139.74627685546875,
        582.527099609375,
        469.04315185546875,
        898.078857421875
      ],
      "score": 0.5810036063194275,
      "class_id": 1
    },
    {
      "bbox_xyxy": [
        372.08648681640625,
        494.5240478515625,
        756.5230102539062,
        823.4407958984375
      ],
      "score": 0.5784969329833984,
      "class_id": 1
    },
    {
      "bbox_xyxy": [
        469.51361083984375,
        549.05322265625,
        516.2083740234375,
        573.32373046875
      ],
      "score": 0.5472246408462524,
      "class_id": 1
    },
    {
      "bbox_xyxy": [
        646.5103759765625,
        235.32269287109375,
        825.0748291015625,
        642.0134887695312
      ],
      "score": 0.5312299728393555,
      "class_id": 1
    },
    {
      "bbox_xyxy": [
        8.89813232421875,
        515.9181518554688,
        302.12567138671875,
        862.8258666992188
      ],
      "score": 0.5294482707977295,
      "class_id": 1
    },
    {
      "bbox_xyxy": [
        430.4215393066406,
        381.677490234375,
        458.6639709472656,
        417.822509765625
      ],
      "score": 0.5278605818748474,
      "class_id": 1
    },
    {
      "bbox_xyxy": [
        650.1238403320312,
        482.3018493652344,
        718.7420043945312,
        511.6828918457031
      ],
      "score": 0.5130559206008911,
      "class_id": 1
    },
    {
      "bbox_xyxy": [
        872.951416015625,
        175.38165283203125,
        1097.6591796875,
        362.2501220703125
      ],
      "score": 0.5017070770263672,
      "class_id": 1
    },
    {
      "bbox_xyxy": [
        1104.720703125,
        0.0,
        1584.89208984375,
        872.73779296875
      ],
      "score": 0.48673540353775024,
      "class_id": 1
    },
    {
      "bbox_xyxy": [
        195.24081420898438,
        567.99755859375,
        314.4764099121094,
        637.9488525390625
      ],
      "score": 0.48573991656303406,
      "class_id": 1
    },
    {
      "bbox_xyxy": [
        496.33154296875,
        0.0,
        1163.3662109375,
        80.88395690917969
      ],
      "score": 0.47391068935394287,
      "class_id": 1
    },
    {
      "bbox_xyxy": [
        456.6075439453125,
        538.1046142578125,
        575.49462890625,
        578.67822265625
      ],
      "score": 0.4732794761657715,
      "class_id": 1
    },
    {
      "bbox_xyxy": [
        162.38330078125,
        676.1505126953125,
        467.77337646484375,
        897.4498291015625
      ],
      "score": 0.4709404408931732,
      "class_id": 1
    },
    {
      "bbox_xyxy": [
        73.6817626953125,
        562.1597900390625,
        492.63995361328125,
        898.5029296875
      ],
      "score": 0.46448415517807007,
      "class_id": 1
    },
    {
      "bbox_xyxy": [
        548.95556640625,
        511.68072509765625,
        651.48974609375,
        544.5325317382812
      ],
      "score": 0.46221914887428284,
      "class_id": 1
    },
    {
      "bbox_xyxy": [
        865.0491943359375,
        171.5010223388672,
        1104.1923828125,
        195.9816436767578
      ],
      "score": 0.45627614855766296,
      "class_id": 1
    },
    {
      "bbox_xyxy": [
        293.1729431152344,
        619.7031860351562,
        347.6241760253906,
        647.4089965820312
      ],
      "score": 0.4538596570491791,
      "class_id": 1
    },
    {
      "bbox_xyxy": [
        283.0709228515625,
        550.1373901367188,
        337.3115234375,
        631.1155395507812
      ],
      "score": 0.4467371106147766,
      "class_id": 1
    },
    {
      "bbox_xyxy": [
        1025.9642333984375,
        302.84063720703125,
        1116.2181396484375,
        532.9363403320312
      ],
      "score": 0.43835052847862244,
      "class_id": 1
    },
    {
      "bbox_xyxy": [
        273.7949523925781,
        619.6236572265625,
        345.3137512207031,
        651.9112548828125
      ],
      "score": 0.4256288409233093,
      "class_id": 1
    },
    {
      "bbox_xyxy": [
        276.8049621582031,
        603.6878662109375,
        428.0560607910156,
        668.215087890625
      ],
      "score": 0.4199828803539276,
      "class_id": 1
    },
    {
      "bbox_xyxy": [
        985.2781982421875,
        513.9601440429688,
        1055.878173828125,
        566.8327026367188
      ],
      "score": 0.40872323513031006,
      "class_id": 1
    },
    {
      "bbox_xyxy": [
        818.8671875,
        366.3536071777344,
        1089.4241943359375,
        379.6773986816406
      ],
      "score": 0.4057983458042145,
      "class_id": 1
    },
    {
      "bbox_xyxy": [
        827.533935546875,
        366.1171875,
        1088.408203125,
        376.0714111328125
      ],
      "score": 0.40244144201278687,
      "class_id": 1
    },
    {
      "bbox_xyxy": [
        304.1385498046875,
        563.1132202148438,
        360.70599365234375,
        627.0454711914062
      ],
      "score": 0.39877232909202576,
      "class_id": 1
    },
    {
      "bbox_xyxy": [
        148.20144653320312,
        578.809814453125,
        323.8310546875,
        680.089599609375
      ],
      "score": 0.3789656460285187,
      "class_id": 1
    },
    {
      "bbox_xyxy": [
        730.578369140625,
        241.2481689453125,
        766.990966796875,
        368.67535400390625
      ],
      "score": 0.35919252038002014,
      "class_id": 1
    },
    {
      "bbox_xyxy": [
        340.2769470214844,
        596.951904296875,
        392.7355041503906,
        621.6353759765625
      ],
      "score": 0.3535592257976532,
      "class_id": 1
    },
    {
      "bbox_xyxy": [
        443.2539978027344,
        513.81005859375,
        480.6433410644531,
        550.2711181640625
      ],
      "score": 0.3441449701786041,
      "class_id": 1
    },
    {
      "bbox_xyxy": [
        612.2124633789062,
        367.4415283203125,
        630.7023315429688,
        390.05780029296875
      ],
      "score": 0.3408209979534149,
      "class_id": 1
    },
    {
      "bbox_xyxy": [
        6.47149658203125,
        720.0465698242188,
        335.7137451171875,
        896.7307739257812
      ],
      "score": 0.338888555765152,
      "class_id": 1
    },
    {
      "bbox_xyxy": [
        729.1837768554688,
        238.1585693359375,
        765.7236938476562,
        370.8719482421875
      ],
      "score": 0.3342370390892029,
      "class_id": 1
    },
    {
      "bbox_xyxy": [
        1020.9215087890625,
        301.34326171875,
        1142.7545166015625,
        668.6345825195312
      ],
      "score": 0.3329732120037079,
      "class_id": 1
    },
    {
      "bbox_xyxy": [
        324.9685363769531,
        572.2835693359375,
        366.1773376464844,
        621.9503173828125
      ],
      "score": 0.3304133415222168,
      "class_id": 1
    },
    {
      "bbox_xyxy": [
        493.933837890625,
        545.2340087890625,
        571.0887451171875,
        577.2618408203125
      ],
      "score": 0.3283567428588867,
      "class_id": 1
    },
    {
      "bbox_xyxy": [
        319.15234375,
        677.751708984375,
        418.89019775390625,
        743.2255859375
      ],
      "score": 0.3281683027744293,
      "class_id": 1
    },
    {
      "bbox_xyxy": [
        302.5086364746094,
        528.6495361328125,
        375.5675964355469,
        611.6602783203125
      ],
      "score": 0.32772964239120483,
      "class_id": 1
    },
    {
      "bbox_xyxy": [
        349.8808898925781,
        431.76446533203125,
        1150.966552734375,
        897.3497924804688
      ],
      "score": 0.32771947979927063,
      "class_id": 1
    },
    {
      "bbox_xyxy": [
        453.02642822265625,
        411.2021484375,
        549.8837890625,
        567.6390380859375
      ],
      "score": 0.32383617758750916,
      "class_id": 1
    },
    {
      "bbox_xyxy": [
        16.295654296875,
        527.3945922851562,
        351.44305419921875,
        898.5724487304688
      ],
      "score": 0.3199102282524109,
      "class_id": 1
    },
    {
      "bbox_xyxy": [
        1.6114501953125,
        386.73822021484375,
        734.9088134765625,
        865.8661499023438
      ],
      "score": 0.3158348798751831,
      "class_id": 1
    },
    {
      "bbox_xyxy": [
        451.00933837890625,
        520.6499633789062,
        474.46563720703125,
        545.2800903320312
      ],
      "score": 0.3102024793624878,
      "class_id": 1
    },
    {
      "bbox_xyxy": [
        175.5020751953125,
        609.43212890625,
        294.4011535644531,
        672.2489013671875
      ],
      "score": 0.30979785323143005,
      "class_id": 1
    },
    {
      "bbox_xyxy": [
        225.5986328125,
        193.8763427734375,
        373.75933837890625,
        459.997802734375
      ],
      "score": 0.309114545583725,
      "class_id": 1
    },
    {
      "bbox_xyxy": [
        600.0967407226562,
        579.0668334960938,
        709.5927124023438,
        641.8433227539062
      ],
      "score": 0.3065001368522644,
      "class_id": 1
    },
    {
      "bbox_xyxy": [
        203.68875122070312,
        631.5802612304688,
        312.2808532714844,
        675.0762329101562
      ],
      "score": 0.3048853278160095,
      "class_id": 1
    },
    {
      "bbox_xyxy": [
        629.8268432617188,
        477.78070068359375,
        718.9225463867188,
        513.0083618164062
      ],
      "score": 0.304071843624115,
      "class_id": 1
    },
    {
      "bbox_xyxy": [
        655.980224609375,
        481.1204833984375,
        711.3240966796875,
        510.6419677734375
      ],
      "score": 0.29550209641456604,
      "class_id": 1
    },
    {
      "bbox_xyxy": [
        647.0889892578125,
        475.41650390625,
        731.9639892578125,
        508.1558837890625
      ],
      "score": 0.2923305630683899,
      "class_id": 1
    },
    {
      "bbox_xyxy": [
        207.21615600585938,
        613.3976440429688,
        312.9443054199219,
        667.3648071289062
      ],
      "score": 0.29220345616340637,
      "class_id": 1
    },
    {
      "bbox_xyxy": [
        1029.0968017578125,
        318.83477783203125,
        1149.0067138671875,
        686.3497314453125
      ],
      "score": 0.2876380681991577,
      "class_id": 1
    },
    {
      "bbox_xyxy": [
        866.0946044921875,
        173.61094665527344,
        1100.3333740234375,
        194.01210021972656
      ],
      "score": 0.286843478679657,
      "class_id": 1
    },
    {
      "bbox_xyxy": [
        657.9255981445312,
        478.2857666015625,
        710.2973022460938,
        504.50421142578125
      ],
      "score": 0.2800883650779724,
      "class_id": 1
    },
    {
      "bbox_xyxy": [
        1452.6900634765625,
        795.7108154296875,
        1495.9456787109375,
        898.7364501953125
      ],
      "score": 0.2775266170501709,
      "class_id": 1
    },
    {
      "bbox_xyxy": [
        731.0927734375,
        242.02157592773438,
        770.71630859375,
        369.3912048339844
      ],
      "score": 0.2773348391056061,
      "class_id": 1
    },
    {
      "bbox_xyxy": [
        0.103515625,
        598.7890014648438,
        526.697265625,
        897.3580932617188
      ],
      "score": 0.27191078662872314,
      "class_id": 1
    },
    {
      "bbox_xyxy": [
        460.14874267578125,
        552.0557861328125,
        522.6194458007812,
        577.4671630859375
      ],
      "score": 0.2704945206642151,
      "class_id": 1
    },
    {
      "bbox_xyxy": [
        263.3866271972656,
        578.8250732421875,
        307.8894958496094,
        627.88623046875
      ],
      "score": 0.2689579725265503,
      "class_id": 1
    },
    {
      "bbox_xyxy": [
        156.79983520507812,
        612.4403686523438,
        337.24481201171875,
        702.2273559570312
      ],
      "score": 0.26779040694236755,
      "class_id": 1
    },
    {
      "bbox_xyxy": [
        798.5971069335938,
        587.8474731445312,
        896.3040161132812,
        634.6621704101562
      ],
      "score": 0.26415595412254333,
      "class_id": 1
    },
    {
      "bbox_xyxy": [
        459.0155029296875,
        537.722900390625,
        525.0496826171875,
        566.2862548828125
      ],
      "score": 0.263871967792511,
      "class_id": 1
    },
    {
      "bbox_xyxy": [
        328.06072998046875,
        568.6962280273438,
        364.8187255859375,
        619.5531616210938
      ],
      "score": 0.2620345950126648,
      "class_id": 1
    },
    {
      "bbox_xyxy": [
        475.3667297363281,
        541.2671508789062,
        507.9994201660156,
        558.9484252929688
      ],
      "score": 0.2543032467365265,
      "class_id": 1
    },
    {
      "bbox_xyxy": [
        304.60455322265625,
        571.2396240234375,
        349.91583251953125,
        626.798095703125
      ],
      "score": 0.2525954842567444,
      "class_id": 1
    },
    {
      "bbox_xyxy": [
        0.5068359375,
        694.3229370117188,
        391.971435546875,
        897.1118774414062
      ],
      "score": 0.2507331669330597,
      "class_id": 1
    }
  ],
  "boxes_3d": {
    "gravity_center_xyz": [
      [
        0.13271085917949677,
        0.08979082107543945,
        2.6879544258117676
      ],
      [
        -1.349813461303711,
        -0.7345381379127502,
        3.000033378601074
      ],
      [
        -0.10221952199935913,
        0.1621302366256714,
        2.4159560203552246
      ],
      [
        -0.5606645345687866,
        -0.035101890563964844,
        4.127285480499268
      ],
      [
        -0.28256943821907043,
        -1.623800277709961,
        4.4842658042907715
      ],
      [
        -1.2230595350265503,
        -0.08572280406951904,
        3.03096866607666
      ],
      [
        -0.7377307415008545,
        -0.4600715637207031,
        3.8296122550964355
      ],
      [
        -0.9846422076225281,
        -0.10626649856567383,
        3.188467502593994
      ],
      [
        -1.0851835012435913,
        -0.15959656238555908,
        3.2517318725585938
      ],
      [
        -1.6106897592544556,
        -0.8959208726882935,
        2.3825056552886963
      ],
      [
        0.4158270061016083,
        -0.396822452545166,
        4.417178153991699
      ],
      [
        -1.1376739740371704,
        0.04975485801696777,
        2.797459602355957
      ],
      [
        -0.9777070879936218,
        -0.10387861728668213,
        3.1729860305786133
      ],
      [
        0.2706354856491089,
        -0.0495983362197876,
        3.2549006938934326
      ],
      [
        -1.215489149093628,
        0.3259509801864624,
        2.7441558837890625
      ],
      [
        -0.7212796211242676,
        0.09565234184265137,
        3.7823219299316406
      ],
      [
        -0.9311486482620239,
        -0.11337935924530029,
        3.342778205871582
      ],
      [
        -0.2587060332298279,
        -0.6772109270095825,
        4.5867509841918945
      ],
      [
        -1.2416701316833496,
        0.0991663932800293,
        1.9308578968048096
      ],
      [
        -1.121726393699646,
        -0.6212685108184814,
        3.478949546813965
      ],
      [
        -0.43036985397338867,
        -0.37158823013305664,
        4.0360822677612305
      ],
      [
        0.7355355620384216,
        -1.363682746887207,
        4.590705871582031
      ],
      [
        0.93538898229599,
        -0.16408944129943848,
        1.981681227684021
      ],
      [
        -1.3846184015274048,
        0.0062220096588134766,
        2.799859046936035
      ],
      [
        0.1719280332326889,
        -1.9692213535308838,
        3.7090682983398438
      ],
      [
        -0.9068289399147034,
        -0.12848186492919922,
        3.493269205093384
      ],
      [
        -0.9542723298072815,
        0.39605891704559326,
        2.1881351470947266
      ],
      [
        -1.0190460681915283,
        0.3571270704269409,
        2.158900499343872
      ],
      [
        -0.6860261559486389,
        -0.23932433128356934,
        3.7705695629119873
      ],
      [
        0.703986644744873,
        -1.6380877494812012,
        4.389469146728516
      ],
      [
        -1.1631866693496704,
        0.08534729480743408,
        2.6808018684387207
      ],
      [
        -1.2991812229156494,
        -0.022516369819641113,
        2.9255480766296387
      ],
      [
        0.9417182207107544,
        -0.6430671215057373,
        3.9039359092712402
      ],
      [
        -1.1814823150634766,
        0.09022283554077148,
        2.6607236862182617
      ],
      [
        -1.1289454698562622,
        0.0905294418334961,
        2.798891305923462
      ],
      [
        0.8502811789512634,
        -0.22762584686279297,
        4.325903415679932
      ],
      [
        0.6159119009971619,
        -0.9414905309677124,
        4.612215995788574
      ],
      [
        0.6318113803863525,
        -0.943405032157898,
        4.589986801147461
      ],
      [
        -1.220204472541809,
        -0.013899564743041992,
        2.8740222454071045
      ],
      [
        -1.306283712387085,
        0.060936570167541504,
        2.5626823902130127
      ],
      [
        -0.20617426931858063,
        -1.1216790676116943,
        4.243573188781738
      ],
      [
        -1.1300232410430908,
        0.02546870708465576,
        2.8774490356445312
      ],
      [
        -1.0675139427185059,
        -0.2077486515045166,
        3.474900722503662
      ],
      [
        -0.7041208744049072,
        -0.8556711673736572,
        4.331276893615723
      ],
      [
        -1.0398248434066772,
        0.43879711627960205,
        1.8205797672271729
      ],
      [
        -0.20953263342380524,
        -1.119834542274475,
        4.221109390258789
      ],
      [
        0.9579070210456848,
        -0.3999706506729126,
        3.8312087059020996
      ],
      [
        -1.1869441270828247,
        -0.004436135292053223,
        2.8820438385009766
      ],
      [
        -0.8418443202972412,
        -0.11856544017791748,
        3.451338291168213
      ],
      [
        -1.1129127740859985,
        0.2881087064743042,
        2.8615894317626953
      ],
      [
        -1.2668282985687256,
        -0.07868051528930664,
        3.026750326156616
      ],
      [
        0.06962515413761139,
        0.1504148244857788,
        3.0198557376861572
      ],
      [
        -0.947456419467926,
        -0.3573399782180786,
        3.501418113708496
      ],
      [
        -1.1726124286651611,
        0.27443206310272217,
        1.8822695016860962
      ],
      [
        -1.0384941101074219,
        -0.08164513111114502,
        3.513981580734253
      ],
      [
        -1.0538221597671509,
        -0.2038426399230957,
        3.4474802017211914
      ],
      [
        -1.2954719066619873,
        0.09000146389007568,
        2.5408177375793457
      ],
      [
        -1.345507264137268,
        -0.73586505651474,
        2.995492696762085
      ],
      [
        -0.5499919652938843,
        0.043148040771484375,
        4.119292259216309
      ],
      [
        -1.2277803421020508,
        0.12029886245727539,
        2.504568099975586
      ],
      [
        -0.47830212116241455,
        -0.3806201219558716,
        4.135127067565918
      ],
      [
        -0.4376842975616455,
        -0.3771559000015259,
        4.059417247772217
      ],
      [
        -0.4332398474216461,
        -0.40469300746917725,
        4.201990127563477
      ],
      [
        -1.2549283504486084,
        0.09107553958892822,
        2.567869186401367
      ],
      [
        0.989477813243866,
        -0.3461458683013916,
        3.8566737174987793
      ],
      [
        0.704560399055481,
        -1.6438931226730347,
        4.4020490646362305
      ],
      [
        -0.4481005072593689,
        -0.4032883644104004,
        4.152712345123291
      ],
      [
        0.49872490763664246,
        0.20331740379333496,
        0.8288177251815796
      ],
      [
        -0.19794906675815582,
        -1.1184419393539429,
        4.236930847167969
      ],
      [
        -0.9683135747909546,
        0.4337437152862549,
        1.8678276538848877
      ],
      [
        -0.9383509755134583,
        -0.10187768936157227,
        3.3307104110717773
      ],
      [
        -1.3189449310302734,
        0.008788108825683594,
        2.8306496143341064
      ],
      [
        -1.2702997922897339,
        0.1256958246231079,
        2.5490729808807373
      ],
      [
        0.12246576696634293,
        0.029517173767089844,
        2.962416648864746
      ],
      [
        -0.9911121129989624,
        -0.1469893455505371,
        3.5164430141448975
      ],
      [
        -1.1857575178146362,
        -0.010961413383483887,
        2.886138677597046
      ],
      [
        -0.9856765866279602,
        -0.15423548221588135,
        3.518871784210205
      ],
      [
        -1.221213698387146,
        -0.0006785392761230469,
        2.8489794731140137
      ],
      [
        -0.9544669985771179,
        0.4277016520500183,
        1.7450178861618042
      ]
    ],
    "dims_lhw": [
      [
        0.36182478070259094,
        0.08952568471431732,
        0.2776965796947479
      ],
      [
        0.357409805059433,
        0.772617757320404,
        0.07354435324668884
      ],
      [
        0.3803011178970337,
        0.07758671790361404,
        0.38987770676612854
      ],
      [
        0.27859824895858765,
        0.1456824541091919,
        0.3867357075214386
      ],
      [
        0.41984036564826965,
        0.20263010263442993,
        0.3506661057472229
      ],
      [
        0.14526623487472534,
        0.18544220924377441,
        0.12233422696590424
      ],
      [
        0.7819436192512512,
        0.5061496496200562,
        0.10975063592195511
      ],
      [
        0.08233384788036346,
        0.062339648604393005,
        0.10502593964338303
      ],
      [
        0.12552142143249512,
        0.15324236452579498,
        0.08340136706829071
      ],
      [
        0.29464027285575867,
        0.5099290609359741,
        0.09481532126665115
      ],
      [
        0.5330010056495667,
        0.4046863913536072,
        0.29338738322257996
      ],
      [
        0.10482320934534073,
        0.034214284271001816,
        0.09521649032831192
      ],
      [
        0.074287049472332,
        0.06587794423103333,
        0.10784802585840225
      ],
      [
        0.4122655689716339,
        0.03844934701919556,
        0.4175081253051758
      ],
      [
        0.5379096865653992,
        0.5949348211288452,
        0.4219699800014496
      ],
      [
        0.5292966365814209,
        0.7106400728225708,
        1.383472204208374
      ],
      [
        0.09723441302776337,
        0.03900519013404846,
        0.10934653133153915
      ],
      [
        0.46501395106315613,
        1.7129051685333252,
        0.5953120589256287
      ],
      [
        0.450364351272583,
        0.4324300289154053,
        0.5730411410331726
      ],
      [
        0.05015404149889946,
        0.12277476489543915,
        0.09685240685939789
      ],
      [
        0.17904025316238403,
        0.06180477887392044,
        0.19057248532772064
      ],
      [
        0.9031338691711426,
        0.7526184320449829,
        0.12247305363416672
      ],
      [
        0.5011988878250122,
        1.863484501838684,
        0.9011017680168152
      ],
      [
        0.1637061983346939,
        0.13140557706356049,
        0.15988288819789886
      ],
      [
        1.7990187406539917,
        0.05514770373702049,
        1.3559205532073975
      ],
      [
        0.2621639370918274,
        0.038496825844049454,
        0.2486412078142166
      ],
      [
        0.400694340467453,
        0.328075647354126,
        0.41417691111564636
      ],
      [
        0.4872731566429138,
        0.764944314956665,
        0.5729754567146301
      ],
      [
        0.30467015504837036,
        0.0345630869269371,
        0.20051313936710358
      ],
      [
        0.9626286029815674,
        0.03671105206012726,
        0.15919509530067444
      ],
      [
        0.1045801192522049,
        0.03478088974952698,
        0.0929822102189064
      ],
      [
        0.07107583433389664,
        0.2081863135099411,
        0.09916315972805023
      ],
      [
        0.2205238938331604,
        0.8420934081077576,
        0.26330965757369995
      ],
      [
        0.12564170360565186,
        0.034218672662973404,
        0.09914058446884155
      ],
      [
        0.29869306087493896,
        0.03843523561954498,
        0.1876341700553894
      ],
      [
        0.23093034327030182,
        0.1776876300573349,
        0.15781208872795105
      ],
      [
        1.1136512756347656,
        0.02835248038172722,
        0.1878155618906021
      ],
      [
        1.0880979299545288,
        0.02633902058005333,
        0.19446562230587006
      ],
      [
        0.08301302790641785,
        0.15355125069618225,
        0.09400784224271774
      ],
      [
        0.21314123272895813,
        0.12661315500736237,
        0.23998235166072845
      ],
      [
        0.06756123155355453,
        0.48813316226005554,
        0.13248427212238312
      ],
      [
        0.09226620197296143,
        0.031515106558799744,
        0.10525046288967133
      ],
      [
        0.07333333045244217,
        0.09829044342041016,
        0.09009788185358047
      ],
      [
        0.04943872615695,
        0.09525465965270996,
        0.11421903967857361
      ],
      [
        0.41062337160110474,
        0.3194912075996399,
        0.34314826130867004
      ],
      [
        0.0730491355061531,
        0.4873753786087036,
        0.1346382349729538
      ],
      [
        0.28728440403938293,
        1.3126777410507202,
        0.29751530289649963
      ],
      [
        0.06568426638841629,
        0.12743626534938812,
        0.09141066670417786
      ],
      [
        0.18039360642433167,
        0.0337841659784317,
        0.1679363250732422
      ],
      [
        0.21233689785003662,
        0.07166951894760132,
        0.11036214232444763
      ],
      [
        0.13992637395858765,
        0.20641633868217468,
        0.09991703927516937
      ],
      [
        1.0974375009536743,
        0.864741325378418,
        1.9052563905715942
      ],
      [
        0.16873861849308014,
        0.4217938184738159,
        0.20568954944610596
      ],
      [
        0.4382992684841156,
        0.7044821977615356,
        0.574203610420227
      ],
      [
        2.556488513946533,
        1.0088779926300049,
        0.13775968551635742
      ],
      [
        0.04471520707011223,
        0.06712699681520462,
        0.08619064837694168
      ],
      [
        0.1600441187620163,
        0.07625572383403778,
        0.15814611315727234
      ],
      [
        0.34457841515541077,
        0.7392458915710449,
        0.07062502950429916
      ],
      [
        0.27473074197769165,
        0.08906257897615433,
        0.36016976833343506
      ],
      [
        0.1747436374425888,
        0.032593004405498505,
        0.1392318308353424
      ],
      [
        0.24690529704093933,
        0.05991188809275627,
        0.22857411205768585
      ],
      [
        0.1410703808069229,
        0.05461971461772919,
        0.15699361264705658
      ],
      [
        0.24175557494163513,
        0.07882344722747803,
        0.19545602798461914
      ],
      [
        0.12620483338832855,
        0.06191965565085411,
        0.13826580345630646
      ],
      [
        0.33970150351524353,
        1.2231122255325317,
        0.30597129464149475
      ],
      [
        0.9891204237937927,
        0.03262029588222504,
        0.14999788999557495
      ],
      [
        0.1170034110546112,
        0.0562361516058445,
        0.14667531847953796
      ],
      [
        0.030910389497876167,
        0.10085242986679077,
        0.14668922126293182
      ],
      [
        0.07598444074392319,
        0.4684995710849762,
        0.1440875232219696
      ],
      [
        0.5806004405021667,
        0.5984876751899719,
        0.7279939651489258
      ],
      [
        0.10197705775499344,
        0.03661789000034332,
        0.11759624630212784
      ],
      [
        0.06050344929099083,
        0.1286623775959015,
        0.09230620414018631
      ],
      [
        0.21460507810115814,
        0.09069705009460449,
        0.28410449624061584
      ],
      [
        0.24696508049964905,
        0.045860692858695984,
        0.1969740092754364
      ],
      [
        0.10523568093776703,
        0.043427467346191406,
        0.12353663146495819
      ],
      [
        0.061294134706258774,
        0.13232994079589844,
        0.09484338015317917
      ],
      [
        0.0609578937292099,
        0.03581380844116211,
        0.09787105768918991
      ],
      [
        0.06296888738870621,
        0.13996465504169464,
        0.0957934558391571
      ],
      [
        0.4374280273914337,
        0.37056609988212585,
        0.4401351511478424
      ]
    ],
    "R_3x3": [
      [
        [
          0.7898921966552734,
          0.0,
          0.6132457852363586
        ],
        [
          0.0,
          1.0,
          0.0
        ],
        [
          -0.6132457852363586,
          0.0,
          0.7898921966552734
        ]
      ],
      [
        [
          0.5747048854827881,
          0.0,
          -0.8183607459068298
        ],
        [
          0.0,
          1.0,
          0.0
        ],
        [
          0.8183607459068298,
          0.0,
          0.5747048854827881
        ]
      ],
      [
        [
          0.8075078725814819,
          0.0,
          0.5898568630218506
        ],
        [
          0.0,
          1.0,
          0.0
        ],
        [
          -0.5898568630218506,
          0.0,
          0.8075078725814819
        ]
      ],
      [
        [
          0.8609593510627747,
          0.0,
          0.5086737871170044
        ],
        [
          0.0,
          1.0,
          0.0
        ],
        [
          -0.5086737871170044,
          0.0,
          0.8609593510627747
        ]
      ],
      [
        [
          0.8967558741569519,
          0.0,
          0.44252556562423706
        ],
        [
          0.0,
          1.0,
          0.0
        ],
        [
          -0.44252556562423706,
          0.0,
          0.8967558741569519
        ]
      ],
      [
        [
          0.5672318935394287,
          0.0,
          -0.8235581517219543
        ],
        [
          0.0,
          1.0,
          0.0
        ],
        [
          0.8235581517219543,
          0.0,
          0.5672318935394287
        ]
      ],
      [
        [
          0.5822287201881409,
          0.0,
          -0.8130250573158264
        ],
        [
          0.0,
          1.0,
          0.0
        ],
        [
          0.8130250573158264,
          0.0,
          0.5822287201881409
        ]
      ],
      [
        [
          0.7473427653312683,
          0.0,
          -0.664438784122467
        ],
        [
          0.0,
          1.0,
          0.0
        ],
        [
          0.664438784122467,
          0.0,
          0.7473427653312683
        ]
      ],
      [
        [
          0.6381422877311707,
          0.0,
          -0.7699185013771057
        ],
        [
          0.0,
          1.0,
          0.0
        ],
        [
          0.7699185013771057,
          0.0,
          0.6381422877311707
        ]
      ],
      [
        [
          0.5362817049026489,
          0.0,
          -0.8440390825271606
        ],
        [
          0.0,
          1.0,
          0.0
        ],
        [
          0.8440390825271606,
          0.0,
          0.5362817049026489
        ]
      ],
      [
        [
          0.8860780000686646,
          0.0,
          0.4635361433029175
        ],
        [
          0.0,
          1.0,
          0.0
        ],
        [
          -0.4635361433029175,
          0.0,
          0.8860780000686646
        ]
      ],
      [
        [
          0.6476507782936096,
          0.0,
          -0.7619373202323914
        ],
        [
          0.0,
          1.0,
          0.0
        ],
        [
          0.7619373202323914,
          0.0,
          0.6476507782936096
        ]
      ],
      [
        [
          0.9986929893493652,
          0.0,
          0.05111090466380119
        ],
        [
          0.0,
          1.0,
          0.0
        ],
        [
          -0.05111090466380119,
          0.0,
          0.9986929893493652
        ]
      ],
      [
        [
          0.8834517002105713,
          0.0,
          0.46852219104766846
        ],
        [
          0.0,
          1.0,
          0.0
        ],
        [
          -0.46852219104766846,
          0.0,
          0.8834517002105713
        ]
      ],
      [
        [
          0.48298922181129456,
          0.0,
          -0.8756263256072998
        ],
        [
          0.0,
          1.0,
          0.0
        ],
        [
          0.8756263256072998,
          0.0,
          0.48298922181129456
        ]
      ],
      [
        [
          0.8909724354743958,
          0.0,
          0.4540574550628662
        ],
        [
          0.0,
          1.0,
          0.0
        ],
        [
          -0.4540574550628662,
          0.0,
          0.8909724354743958
        ]
      ],
      [
        [
          0.8909827470779419,
          0.0,
          0.4540371894836426
        ],
        [
          0.0,
          1.0,
          0.0
        ],
        [
          -0.4540371894836426,
          0.0,
          0.8909827470779419
        ]
      ],
      [
        [
          0.882853090763092,
          0.0,
          0.4696493148803711
        ],
        [
          0.0,
          1.0,
          0.0
        ],
        [
          -0.4696493148803711,
          0.0,
          0.882853090763092
        ]
      ],
      [
        [
          0.5555878281593323,
          0.0,
          -0.8314578533172607
        ],
        [
          0.0,
          1.0,
          0.0
        ],
        [
          0.8314578533172607,
          0.0,
          0.5555878281593323
        ]
      ],
      [
        [
          0.9697295427322388,
          0.0,
          -0.2441815584897995
        ],
        [
          0.0,
          1.0,
          0.0
        ],
        [
          0.2441815584897995,
          0.0,
          0.9697295427322388
        ]
      ],
      [
        [
          0.914826512336731,
          0.0,
          0.4038470387458801
        ],
        [
          0.0,
          1.0,
          0.0
        ],
        [
          -0.4038470387458801,
          0.0,
          0.914826512336731
        ]
      ],
      [
        [
          0.9031779170036316,
          0.0,
          0.42926648259162903
        ],
        [
          0.0,
          1.0,
          0.0
        ],
        [
          -0.42926648259162903,
          0.0,
          0.9031779170036316
        ]
      ],
      [
        [
          0.9227315783500671,
          0.0,
          0.38544315099716187
        ],
        [
          0.0,
          1.0,
          0.0
        ],
        [
          -0.38544315099716187,
          0.0,
          0.9227315783500671
        ]
      ],
      [
        [
          0.5990031361579895,
          0.0,
          -0.8007466793060303
        ],
        [
          0.0,
          1.0,
          0.0
        ],
        [
          0.8007466793060303,
          0.0,
          0.5990031361579895
        ]
      ],
      [
        [
          0.8945905566215515,
          0.0,
          0.44688671827316284
        ],
        [
          0.0,
          1.0,
          0.0
        ],
        [
          -0.44688671827316284,
          0.0,
          0.8945905566215515
        ]
      ],
      [
        [
          0.5064875483512878,
          0.0,
          -0.8622472882270813
        ],
        [
          0.0,
          1.0,
          0.0
        ],
        [
          0.8622472882270813,
          0.0,
          0.5064875483512878
        ]
      ],
      [
        [
          0.563542366027832,
          0.0,
          -0.8260871767997742
        ],
        [
          0.0,
          1.0,
          0.0
        ],
        [
          0.8260871767997742,
          0.0,
          0.563542366027832
        ]
      ],
      [
        [
          0.5205381512641907,
          0.0,
          -0.8538384437561035
        ],
        [
          0.0,
          1.0,
          0.0
        ],
        [
          0.8538384437561035,
          0.0,
          0.5205381512641907
        ]
      ],
