{
  "source_image": "teste/11.jpeg",
  "timestamp": null,
  "video_id": null,
  "image_size_hw": [
    900,
    1600
  ],
  "detections": [
    {
      "bbox_xyxy": [
        1043.446533203125,
        438.8028564453125,
        1191.37548828125,
        561.1007080078125
      ],
      "score": 0.8763911128044128,
      "class_id": 1
    },
    {
      "bbox_xyxy": [
        627.7827758789062,
        548.145751953125,
        997.1235961914062,
        670.0958251953125
      ],
      "score": 0.8258382678031921,
      "class_id": 1
    },
    {
      "bbox_xyxy": [
        544.456298828125,
        617.6939697265625,
        625.7694091796875,
        693.4517822265625
      ],
      "score": 0.7821258306503296,
      "class_id": 1
    },
    {
      "bbox_xyxy": [
        613.5908813476562,
        588.6603393554688,
        1009.1188354492188,
        899.4705200195312
      ],
      "score": 0.7661530375480652,
      "class_id": 1
    },
    {
      "bbox_xyxy": [
        860.8582763671875,
        334.87689208984375,
        925.707275390625,
        457.68505859375
      ],
      "score": 0.7401576638221741,
      "class_id": 1
    },
    {
      "bbox_xyxy": [
        768.4595947265625,
        313.810302734375,
        834.22412109375,
        387.02032470703125
      ],
      "score": 0.73011714220047,
      "class_id": 1
    },
    {
      "bbox_xyxy": [
        947.622802734375,
        730.490234375,
        1306.130615234375,
        898.50048828125
      ],
      "score": 0.7113662958145142,
      "class_id": 1
    },
    {
      "bbox_xyxy": [
        404.756103515625,
        607.1290893554688,
        676.04443359375,
        898.4910278320312
      ],
      "score": 0.7062239646911621,
      "class_id": 1
    },
    {
      "bbox_xyxy": [
        1251.184326171875,
        427.56884765625,
        1330.2138671875,
        553.230224609375
      ],
      "score": 0.7054665088653564,
      "class_id": 1
    },
    {
      "bbox_xyxy": [
        1394.6712646484375,
        559.7807006835938,
        1539.7879638671875,
        622.7412719726562
      ],
      "score": 0.6783421635627747,
      "class_id": 1
    },
    {
      "bbox_xyxy": [
        1476.72607421875,
        455.7293701171875,
        1600.0,
        653.3922119140625
      ],
      "score": 0.6342988014221191,
      "class_id": 1
    },
    {
      "bbox_xyxy": [
        1281.3843994140625,
        672.2969970703125,
        1470.8177490234375,
        897.99951171875
      ],
      "score": 0.6174955368041992,
      "class_id": 1
    },
    {
      "bbox_xyxy": [
        567.4292602539062,
        460.62591552734375,
        597.1969604492188,
        504.4532470703125
      ],
      "score": 0.6031463146209717,
      "class_id": 1
    },
    {
      "bbox_xyxy": [
        0.008819580078125,
        69.664306640625,
        369.1861267089844,
        145.24742126464844
      ],
      "score": 0.5508867502212524,
      "class_id": 1
    },
    {
      "bbox_xyxy": [
        436.0797119140625,
        591.4808959960938,
        540.9215087890625,
        711.7550659179688
      ],
      "score": 0.5437856912612915,
      "class_id": 1
    },
    {
      "bbox_xyxy": [
        1245.79638671875,
        127.28118896484375,
        1598.394287109375,
        502.833251953125
      ],
      "score": 0.5192755460739136,
      "class_id": 1
    },
    {
      "bbox_xyxy": [
        1395.0855712890625,
        795.258056640625,
        1530.8634033203125,
        897.8441162109375
      ],
      "score": 0.5170593857765198,
      "class_id": 1
    },
    {
      "bbox_xyxy": [
        830.9832153320312,
        347.6719970703125,
        879.9342651367188,
        450.66705322265625
      ],
      "score": 0.5148777365684509,
      "class_id": 1
    },
    {
      "bbox_xyxy": [
        651.4244384765625,
        548.1320190429688,
        749.77880859375,
        614.2330932617188
      ],
      "score": 0.5073052048683167,
      "class_id": 1
    },
    {
      "bbox_xyxy": [
        846.202880859375,
        300.7674865722656,
        1012.6383056640625,
        351.3006896972656
      ],
      "score": 0.4847562909126282,
      "class_id": 1
    },
    {
      "bbox_xyxy": [
        1367.1353759765625,
        506.77032470703125,
        1422.2232666015625,
        588.7300415039062
      ],
      "score": 0.4824177622795105,
      "class_id": 1
    },
    {
      "bbox_xyxy": [
        933.142333984375,
        664.145263671875,
        1066.302978515625,
        808.6953125
      ],
      "score": 0.46690329909324646,
      "class_id": 1
    },
    {
      "bbox_xyxy": [
        994.6123046875,
        301.3911437988281,
        1055.336181640625,
        391.4264831542969
      ],
      "score": 0.4397590458393097,
      "class_id": 1
    },
    {
      "bbox_xyxy": [
        1016.132080078125,
        531.2151489257812,
        1600.0,
        893.2449340820312
      ],
      "score": 0.4320472180843353,
      "class_id": 1
    },
    {
      "bbox_xyxy": [
        1495.5185546875,
        773.3587036132812,
        1600.0,
        898.2992553710938
      ],
      "score": 0.42973431944847107,
      "class_id": 1
    },
    {
      "bbox_xyxy": [
        1262.4720458984375,
        645.1429443359375,
        1425.9102783203125,
        792.84912109375
      ],
      "score": 0.4278799295425415,
      "class_id": 1
    },
    {
      "bbox_xyxy": [
        1263.62939453125,
        647.0258178710938,
        1423.235107421875,
        791.8135375976562
      ],
      "score": 0.4067075252532959,
      "class_id": 1
    },
    {
      "bbox_xyxy": [
        464.137451171875,
        580.3513793945312,
        535.1871948242188,
        700.7271118164062
      ],
      "score": 0.401999294757843,
      "class_id": 1
    },
    {
      "bbox_xyxy": [
        780.998779296875,
        0.0,
        1440.53173828125,
        82.194091796875
      ],
      "score": 0.3805695176124573,
      "class_id": 1
    },
    {
      "bbox_xyxy": [
        934.0382080078125,
        342.88421630859375,
        963.58203125,
        429.140869140625
      ],
      "score": 0.3804638385772705,
      "class_id": 1
    },
    {
      "bbox_xyxy": [
        633.1744995117188,
        441.0845947265625,
        780.7182006835938,
        624.8681640625
      ],
      "score": 0.37556660175323486,
      "class_id": 1
    },
    {
      "bbox_xyxy": [
        1247.0694580078125,
        459.9913330078125,
        1585.9356689453125,
        507.92864990234375
      ],
      "score": 0.373472660779953,
      "class_id": 1
    },
    {
      "bbox_xyxy": [
        1439.9478759765625,
        757.83544921875,
        1567.9981689453125,
        887.6944580078125
      ],
      "score": 0.37151670455932617,
      "class_id": 1
    },
    {
      "bbox_xyxy": [
        1243.10693359375,
        124.03758239746094,
        1600.0,
        194.4775848388672
      ],
      "score": 0.34501537680625916,
      "class_id": 1
    },
    {
      "bbox_xyxy": [
        1203.0145263671875,
        816.2359619140625,
        1359.6177978515625,
        898.046875
      ],
      "score": 0.3238371014595032,
      "class_id": 1
    },
    {
      "bbox_xyxy": [
        996.3104248046875,
        304.34722900390625,
        1053.0960693359375,
        385.6627197265625
      ],
      "score": 0.3144836127758026,
      "class_id": 1
    },
    {
      "bbox_xyxy": [
        1171.71533203125,
        780.3611450195312,
        1434.08251953125,
        898.3215942382812
      ],
      "score": 0.30082640051841736,
      "class_id": 1
    },
    {
      "bbox_xyxy": [
        857.5870361328125,
        336.43817138671875,
        928.1507568359375,
        458.625732421875
      ],
      "score": 0.29392096400260925,
      "class_id": 1
    },
    {
      "bbox_xyxy": [
        0.0,
        102.89654541015625,
        349.50689697265625,
        899.13818359375
      ],
      "score": 0.2918187081813812,
      "class_id": 1
    },
    {
      "bbox_xyxy": [
        1118.60009765625,
        671.6676635742188,
        1587.6689453125,
        897.9031372070312
      ],
      "score": 0.29068541526794434,
      "class_id": 1
    },
    {
      "bbox_xyxy": [
        1151.6661376953125,
        538.6339111328125,
        1209.4407958984375,
        573.651123046875
      ],
      "score": 0.28359249234199524,
      "class_id": 1
    },
    {
      "bbox_xyxy": [
        971.6756591796875,
        301.4815368652344,
        1002.8870849609375,
        410.6016540527344
      ],
      "score": 0.28016769886016846,
      "class_id": 1
    },
    {
      "bbox_xyxy": [
        1525.523681640625,
        776.50244140625,
        1600.0,
        897.7403564453125
      ],
      "score": 0.2780691385269165,
      "class_id": 1
    },
    {
      "bbox_xyxy": [
        1245.0185546875,
        124.206787109375,
        1600.0,
        193.73947143554688
      ],
      "score": 0.27603188157081604,
      "class_id": 1
    },
    {
      "bbox_xyxy": [
        1487.350830078125,
        507.84185791015625,
        1564.564453125,
        599.5034790039062
      ],
      "score": 0.27454447746276855,
      "class_id": 1
    },
    {
      "bbox_xyxy": [
        847.621826171875,
        296.50311279296875,
        1049.8896484375,
        426.79144287109375
      ],
      "score": 0.27064070105552673,
      "class_id": 1
    },
    {
      "bbox_xyxy": [
        1482.787841796875,
        459.8922119140625,
        1600.0,
        653.3858642578125
      ],
      "score": 0.26648423075675964,
      "class_id": 1
    },
    {
      "bbox_xyxy": [
        1200.185302734375,
        806.65576171875,
        1364.554931640625,
        897.93896484375
      ],
      "score": 0.2646273970603943,
      "class_id": 1
    },
    {
      "bbox_xyxy": [
        1033.7000732421875,
        536.7714233398438,
        1599.9346923828125,
        735.5233764648438
      ],
      "score": 0.2629019618034363,
      "class_id": 1
    },
    {
      "bbox_xyxy": [
        0.9378662109375,
        302.71636962890625,
        328.55560302734375,
        898.4636840820312
      ],
      "score": 0.26106521487236023,
      "class_id": 1
    },
    {
      "bbox_xyxy": [
        0.664398193359375,
        303.1100158691406,
        136.13272094726562,
        407.9369812011719
      ],
      "score": 0.25822973251342773,
      "class_id": 1
    },
    {
      "bbox_xyxy": [
        939.9072265625,
        290.1724853515625,
        1012.2496337890625,
        627.712646484375
      ],
      "score": 0.2578461766242981,
      "class_id": 1
    },
    {
      "bbox_xyxy": [
        716.5259399414062,
        453.27374267578125,
        973.8832397460938,
        497.97064208984375
      ],
      "score": 0.256805956363678,
      "class_id": 1
    },
    {
      "bbox_xyxy": [
        957.996826171875,
        684.7470092773438,
        1084.958984375,
        820.5481567382812
      ],
      "score": 0.2563175559043884,
      "class_id": 1
    },
    {
      "bbox_xyxy": [
        1371.7965087890625,
        786.9169921875,
        1562.9417724609375,
        897.1661376953125
      ],
      "score": 0.2525993883609772,
      "class_id": 1
    },
    {
      "bbox_xyxy": [
        1541.99951171875,
        669.8933715820312,
        1600.0,
        834.7927856445312
      ],
      "score": 0.25174543261528015,
      "class_id": 1
    }
  ],
  "boxes_3d": {
    "gravity_center_xyz": [
      [
        0.91665118932724,
        -0.29876554012298584,
        3.2304861545562744
      ],
      [
        0.02528058923780918,
        0.0012961626052856445,
        2.3709330558776855
      ],
      [
        -0.4159625172615051,
        0.10427701473236084,
        2.1261279582977295
      ],
      [
        0.014354988932609558,
        0.3978019952774048,
        2.3584976196289062
      ],
      [
        0.24155448377132416,
        -0.540560245513916,
        2.9408509731292725
      ],
      [
        -0.0025298893451690674,
        -0.6180295348167419,
        2.7544994354248047
      ],
      [
        0.35716143250465393,
        0.2850112318992615,
        1.243851661682129
      ],
      [
        -0.502822756767273,
        0.35832488536834717,
        2.1208300590515137
      ],
      [
        1.3365693092346191,
        -0.30294692516326904,
        3.0419273376464844
      ],
      [
        1.4630436897277832,
        -0.02246224880218506,
        2.4461443424224854
      ],
      [
        1.5233675241470337,
        -0.1039741039276123,
        2.2013049125671387
      ],
      [
        0.5554500818252563,
        0.20361649990081787,
        1.0833852291107178
      ],
      [
        -0.4693518877029419,
        -0.25514745712280273,
        2.383183002471924
      ],
      [
        -1.0117638111114502,
        -0.8182795643806458,
        1.8512189388275146
      ],
      [
        -0.5631551742553711,
        0.0915917158126831,
        1.9956332445144653
      ],
      [
        1.6348872184753418,
        -0.7441625595092773,
        2.9424004554748535
      ],
      [
        0.6925145983695984,
        0.27589231729507446,
        1.1648058891296387
      ],
      [
        0.13759015500545502,
        -0.5194947719573975,
        2.8735246658325195
      ],
      [
        -0.2135394811630249,
        -0.04229021072387695,
        2.3368451595306396
      ],
      [
        0.3490277826786041,
        -0.7224873900413513,
        2.946695327758789
      ],
      [
        1.4303042888641357,
        -0.12498831748962402,
        2.6836061477661133
      ],
      [
        0.49892666935920715,
        0.33496570587158203,
        2.8224146366119385
      ],
      [
        0.6479289531707764,
        -0.7376323938369751,
        3.2350282669067383
      ],
      [
        1.2642784118652344,
        0.2650967836380005,
        2.8395936489105225
      ],
      [
        0.8350211381912231,
        0.2792012691497803,
        1.1979823112487793
      ],
      [
        0.6963726282119751,
        0.15131956338882446,
        1.4309247732162476
      ],
      [
        0.6852991580963135,
        0.1504650115966797,
        1.4082963466644287
      ],
      [
        -0.5601072311401367,
        0.07255733013153076,
        2.0580830574035645
      ],
      [
        0.7728678584098816,
        -1.4880335330963135,
        2.777662754058838
      ],
      [
        0.40134498476982117,
        -0.5870733261108398,
        3.027937412261963
      ],
      [
        -0.20822611451148987,
        -0.15443062782287598,
        2.3924918174743652
      ],
      [
        1.6293184757232666,
        -0.3211212158203125,
        3.00178861618042
      ],
      [
        0.828057050704956,
        0.25579124689102173,
        1.2889745235443115
      ],
      [
        1.5912152528762817,
        -1.139613151550293,
        2.894618034362793
      ],
      [
        0.4632526636123657,
        0.2840430736541748,
        1.0797131061553955
      ],
      [
        0.6460010409355164,
        -0.7401193976402283,
        3.2262353897094727
      ],
      [
        0.4732758104801178,
        0.263827919960022,
        1.0643715858459473
      ],
      [
        0.23920190334320068,
        -0.5360196828842163,
        2.9256725311279297
      ],
      [
        -1.251825213432312,
        -0.1399691104888916,
        2.203301191329956
      ],
      [
        0.6460912823677063,
        0.27150219678878784,
        1.2217572927474976
      ],
      [
        1.0539321899414062,
        -0.11833310127258301,
        3.093550443649292
      ],
      [
        0.5166768431663513,
        -0.6796769499778748,
        3.096222400665283
      ],
      [
        0.8639204502105713,
        0.2820461392402649,
        1.2094886302947998
      ],
      [
        1.5950509309768677,
        -1.1421226263046265,
        2.89987850189209
      ],
      [
        1.656973123550415,
        -0.11134076118469238,
        2.5357799530029297
      ],
      [
        0.4143572151660919,
        -0.6509145498275757,
        3.0091962814331055
      ],
      [
        1.555533528327942,
        -0.10148954391479492,
        2.2714285850524902
      ],
      [
        0.46787285804748535,
        0.2812221646308899,
        1.0901172161102295
      ],
      [
        1.268958568572998,
        0.0398256778717041,
        2.7757420539855957
      ],
      [
        -1.8520344495773315,
        0.0053604841232299805,
        3.261301040649414
      ],
      [
        -1.8699461221694946,
        -0.6216856837272644,
        2.835489273071289
      ],
      [
        0.4758850336074829,
        -0.3894972801208496,
        3.0626516342163086
      ],
      [
        0.14090366661548615,
        -0.32541191577911377,
        2.8878297805786133
      ],
      [
        0.6046994924545288,
        0.4129143953323364,
        3.073498010635376
      ],
      [
        0.6982808709144592,
        0.27670514583587646,
        1.1611716747283936
      ],
      [
        1.0250911712646484,
        0.19432330131530762,
        1.43512761592865
      ]
    ],
    "dims_lhw": [
      [
        0.4156861901283264,
        0.3388381004333496,
        0.26061928272247314
      ],
      [
        0.6543662548065186,
        0.10460705310106277,
        0.4533027708530426
      ],
      [
        0.12574973702430725,
        0.12772579491138458,
        0.11088753491640091
      ],
      [
        0.7122189402580261,
        0.8087753057479858,
        0.427456259727478
      ],
      [
        0.18669436872005463,
        0.3627273142337799,
        0.08140299469232559
      ],
      [
        0.17330136895179749,
        0.1996763050556183,
        0.08008798956871033
      ],
      [
        0.30024170875549316,
        0.18308040499687195,
        0.273716002702713
      ],
      [
        0.3832648992538452,
        0.6747607588768005,
        0.27998751401901245
      ],
      [
        0.1481613665819168,
        0.3639848232269287,
        0.15126240253448486
      ],
      [
        0.23726166784763336,
        0.07678384333848953,
        0.19175195693969727
      ],
      [
        0.18552397191524506,
        0.34311148524284363,
        0.2531096041202545
      ],
      [
        0.11119590699672699,
        0.2299739271402359,
        0.14039766788482666
      ],
      [
        0.058002252131700516,
        0.10742689669132233,
        0.0759829506278038
      ],
      [
        0.6011882424354553,
        0.03322131931781769,
        0.1650363802909851
      ],
      [
        0.17652443051338196,
        0.20890171825885773,
        0.0867791697382927
      ],
      [
        0.9630318284034729,
        0.9140810966491699,
        0.12836815416812897
      ],
      [
        0.10209614038467407,
        0.09413637965917587,
        0.1235228180885315
      ],
      [
        0.0962376743555069,
        0.3145090341567993,
        0.10363072901964188
      ],
      [
        0.17104549705982208,
        0.12032609432935715,
        0.13447822630405426
      ],
      [
        0.5763243436813354,
        0.1280706226825714,
        0.08416497707366943
      ],
      [
        0.08069253712892532,
        0.18266572058200836,
        0.13158635795116425
      ],
      [
        0.2542662024497986,
        0.3210160732269287,
        0.23559503257274628
      ],
      [
        0.22959771752357483,
        0.2639961242675781,
        0.10459049046039581
      ],
      [
        1.480238914489746,
        0.7581785321235657,
        0.40307003259658813
      ],
      [
        0.08855407685041428,
        0.14502838253974915,
        0.15011118352413177
      ],
      [
        0.14557306468486786,
        0.1431034803390503,
        0.1778581291437149
      ],
      [
        0.1341039091348648,
        0.13699384033679962,
        0.16653136909008026
      ],
      [
        0.113785520195961,
        0.22168736159801483,
        0.09244813024997711
      ],
      [
        1.2121342420578003,
        0.05094534158706665,
        0.8569242358207703
      ],
      [
        0.047947127372026443,
        0.28389203548431396,
        0.11855557560920715
      ],
      [
        0.21129177510738373,
        0.37282148003578186,
        0.18718884885311127
      ],
      [
        0.921294629573822,
        0.037183791399002075,
        0.182004913687706
      ],
      [
        0.09745492041110992,
        0.1031414195895195,
        0.1433669924736023
      ],
      [
        0.894172728061676,
        0.04005787521600723,
        0.15746881067752838
      ],
      [
        0.09342968463897705,
        0.08168256282806396,
        0.12770460546016693
      ],
      [
        0.1766110509634018,
        0.254482239484787,
        0.10723402351140976
      ],
      [
        0.16068515181541443,
        0.10728824883699417,
        0.16144606471061707
      ],
      [
        0.18984900414943695,
        0.36865469813346863,
        0.0882401093840599
      ],
      [
        0.5335336923599243,
        1.782792329788208,
        0.21358080208301544
      ],
      [
        0.3908909261226654,
        0.271736204624176,
        0.41777750849723816
      ],
      [
        0.08146578073501587,
        0.054796166718006134,
        0.12784968316555023
      ],
      [
        0.04572220891714096,
        0.3230743706226349,
        0.12521012127399445
      ],
      [
        0.08411324769258499,
        0.13564293086528778,
        0.1498761922121048
      ],
      [
        0.8914014101028442,
        0.04039318859577179,
        0.1548798829317093
      ],
      [
        0.08037962764501572,
        0.20605050027370453,
        0.1657095104455948
      ],
      [
        0.7579138875007629,
        0.3215378224849701,
        0.09656710922718048
      ],
      [
        0.20708119869232178,
        0.3256553113460541,
        0.24731996655464172
      ],
      [
        0.12557931244373322,
        0.10058461874723434,
        0.13704968988895416
      ],
      [
        1.2267580032348633,
        0.243918314576149,
        0.4978509247303009
      ],
      [
        0.7066415548324585,
        1.877713918685913,
        0.2983509302139282
      ],
      [
        0.3414665758609772,
        0.28994396328926086,
        0.3246537446975708
      ],
      [
        0.1167023628950119,
        0.9463559985160828,
        0.16289614140987396
      ],
      [
        0.8036156892776489,
        0.06143268197774887,
        0.09451015293598175
      ],
      [
        0.24407784640789032,
        0.30532145500183105,
        0.2571869194507599
      ],
      [
        0.1516629159450531,
        0.09408793598413467,
        0.1702047437429428
      ],
      [
        0.09078048914670944,
        0.19733846187591553,
        0.2568255066871643
      ]
    ],
    "R_3x3": [
      [
        [
          0.8732990026473999,
          0.0,
          -0.4871845841407776
        ],
        [
          0.0,
          1.0,
          0.0
        ],
        [
          0.4871845841407776,
          0.0,
          0.8732990026473999
        ]
      ],
      [
        [
          0.8214144110679626,
          0.0,
          -0.5703318119049072
        ],
        [
          0.0,
          1.0,
          0.0
        ],
        [
          0.5703318119049072,
          0.0,
          0.8214144110679626
        ]
      ],
      [
        [
          0.8518775701522827,
          0.0,
          -0.5237410068511963
        ],
        [
          0.0,
          1.0,
          0.0
        ],
        [
          0.5237410068511963,
          0.0,
          0.8518775701522827
        ]
      ],
      [
        [
          0.8040601015090942,
          0.0,
          -0.5945480465888977
        ],
        [
          0.0,
          1.0,
          0.0
        ],
        [
          0.5945480465888977,
          0.0,
          0.8040601015090942
        ]
      ],
      [
        [
          0.866934597492218,
          0.0,
          -0.49842190742492676
        ],
        [
          0.0,
          1.0,
          0.0
        ],
        [
          0.49842190742492676,
          0.0,
          0.866934597492218
        ]
      ],
      [
        [
          0.9237060546875,
          0.0,
          -0.38310202956199646
        ],
        [
          0.0,
          1.0,
          0.0
        ],
        [
          0.38310202956199646,
          0.0,
          0.9237060546875
        ]
      ],
      [
        [
          0.5673695206642151,
          0.0,
          0.8234633207321167
        ],
        [
          0.0,
          1.0,
          0.0
        ],
        [
          -0.8234633207321167,
          0.0,
          0.5673695206642151
        ]
      ],
      [
        [
          0.847171425819397,
          0.0,
          -0.5313197374343872
        ],
        [
          0.0,
          1.0,
          0.0
        ],
        [
          0.5313197374343872,
          0.0,
          0.847171425819397
        ]
      ],
      [
        [
          0.7579619884490967,
          0.0,
          0.6522987484931946
        ],
        [
          0.0,
          1.0,
          0.0
        ],
        [
          -0.6522987484931946,
          0.0,
          0.7579619884490967
        ]
      ],
      [
        [
          0.6385802626609802,
          0.0,
          0.7695552110671997
        ],
        [
          0.0,
          1.0,
          0.0
        ],
        [
          -0.7695552110671997,
          0.0,
          0.6385802626609802
        ]
      ],
      [
        [
          0.7872229814529419,
          0.0,
          0.6166684627532959
        ],
        [
          0.0,
          1.0,
          0.0
        ],
        [
          -0.6166684627532959,
          0.0,
          0.7872229814529419
        ]
      ],
      [
        [
          0.6710284948348999,
          0.0,
          0.7414315938949585
        ],
        [
          0.0,
          1.0,
          0.0
        ],
        [
          -0.7414315938949585,
          0.0,
          0.6710284948348999
        ]
      ],
      [
        [
          0.9652851223945618,
          0.0,
          -0.2611985504627228
        ],
        [
          0.0,
          1.0,
          0.0
        ],
        [
          0.2611985504627228,
          0.0,
          0.9652851223945618
        ]
      ],
      [
        [
          0.8696600198745728,
          0.0,
          -0.4936511516571045
        ],
        [
          0.0,
          1.0,
          0.0
        ],
        [
          0.4936511516571045,
          0.0,
          0.8696600198745728
        ]
      ],
      [
        [
          0.8831914067268372,
          0.0,
          -0.46901270747184753
        ],
        [
          0.0,
          1.0,
          0.0
        ],
        [
          0.46901270747184753,
          0.0,
          0.8831914067268372
        ]
      ],
      [
        [
          0.6541674137115479,
          0.0,
          0.7563498616218567
        ],
        [
          0.0,
          1.0,
          0.0
        ],
        [
          -0.7563498616218567,
          0.0,
          0.6541674137115479
        ]
      ],
      [
        [
          0.781755268573761,
          0.0,
          0.6235854029655457
        ],
        [
          0.0,
          1.0,
          0.0
        ],
        [
          -0.6235854029655457,
          0.0,
          0.781755268573761
        ]
      ],
      [
        [
          0.8877905607223511,
          0.0,
          -0.4602477252483368
        ],
        [
          0.0,
          1.0,
          0.0
        ],
        [
          0.4602477252483368,
          0.0,
          0.8877905607223511
        ]
      ],
      [
        [
          0.8659929037094116,
          0.0,
          -0.500056266784668
        ],
        [
          0.0,
          1.0,
          0.0
        ],
        [
          0.500056266784668,
          0.0,
          0.8659929037094116
        ]
      ],
      [
        [
          0.833999752998352,
          0.0,
          -0.5517648458480835
        ],
        [
          0.0,
          1.0,
          0.0
        ],
        [
          0.5517648458480835,
          0.0,
          0.833999752998352
        ]
      ],
      [
        [
          0.875373363494873,
          0.0,
          0.48344746232032776
        ],
        [
          0.0,
          1.0,
          0.0
        ],
        [
          -0.48344746232032776,
          0.0,
          0.875373363494873
        ]
      ],
      [
        [
          0.8391375541687012,
          0.0,
          -0.5439192652702332
        ],
        [
          0.0,
          1.0,
          0.0
        ],
        [
          0.5439192652702332,
          0.0,
          0.8391375541687012
        ]
      ],
      [
        [
          0.8882520198822021,
          0.0,
          -0.45935648679733276
        ],
        [
          0.0,
          1.0,
          0.0
        ],
        [
          0.45935648679733276,
          0.0,
          0.8882520198822021
        ]
      ],
      [
        [
          0.6027655601501465,
          0.0,
          0.7979183793067932
        ],
        [
          0.0,
          1.0,
          0.0
        ],
        [
          -0.7979183793067932,
          0.0,
          0.6027655601501465
        ]
      ],
      [
        [
          0.8610952496528625,
          0.0,
          0.5084437131881714
        ],
        [
          0.0,
          1.0,
          0.0
        ],
        [
          -0.5084437131881714,
          0.0,
          0.8610952496528625
        ]
      ],
      [
        [
          0.6394179463386536,
          0.0,
          0.7688593864440918
        ],
        [
          0.0,
          1.0,
          0.0
        ],
        [
          -0.7688593864440918,
          0.0,
          0.6394179463386536
        ]
      ],
      [
        [
          0.6690279245376587,
          0.0,
          0.743237316608429
        ],
        [
          0.0,
          1.0,
          0.0
        ],
        [
          -0.743237316608429,
          0.0,
          0.6690279245376587
        ]
      ],
      [
        [
          0.9159660935401917,
          0.0,
          -0.40125572681427
        ],
        [
          0.0,
          1.0,
          0.0
        ],
        [
          0.40125572681427,
          0.0,
          0.9159660935401917
        ]
      ],
      [
        [
          0.8103574514389038,
          0.0,
          -0.5859358906745911
        ],
        [
          0.0,
          1.0,
          0.0
        ],
        [
          0.5859358906745911,
          0.0,
          0.8103574514389038
        ]
      ],
      [
        [
          0.9830194711685181,
          0.0,
          0.18350130319595337
        ],
        [
          0.0,
          1.0,
          0.0
        ],
        [
          -0.18350130319595337,
          0.0,
          0.9830194711685181
        ]
      ],
      [
        [
          0.8376016616821289,
          0.0,
          -0.5462815165519714
        ],
        [
          0.0,
          1.0,
          0.0
        ],
        [
          0.5462815165519714,
          0.0,
          0.8376016616821289
        ]
      ],
      [
        [
          0.6169676184654236,
          0.0,
          0.7869885563850403
        ],
        [
          0.0,
          1.0,
          0.0
        ],
        [
          -0.7869885563850403,
          0.0,
          0.6169676184654236
        ]
      ],
      [
        [
          0.8316554427146912,
          0.0,
          0.555292010307312
        ],
        [
          0.0,
          1.0,
          0.0
        ],
        [
          -0.555292010307312,
          0.0,
          0.8316554427146912
        ]
      ],
      [
        [
          0.6340789794921875,
          0.0,
          0.7732683420181274
        ],
        [
          0.0,
          1.0,
          0.0
        ],
        [
          -0.7732683420181274,
          0.0,
          0.6340789794921875
        ]
      ],
      [
        [
          0.9897348880767822,
          0.0,
          -0.14291556179523468
        ],
        [
          0.0,
          1.0,
          0.0
        ],
        [
          0.14291556179523468,
          0.0,
          0.9897348880767822
        ]
      ],
      [
        [
          0.9454641938209534,
          0.0,
          -0.3257260322570801
        ],
        [
          0.0,
          1.0,
          0.0
        ],
        [
          0.3257260322570801,
          0.0,
          0.9454641938209534
        ]
      ],
      [
        [
          0.9117467999458313,
          0.0,
          -0.41075268387794495
        ],
        [
          0.0,
          1.0,
          0.0
        ],
        [
          0.41075268387794495,
          0.0,
          0.9117467999458313
        ]
      ],
      [
        [
          0.8679224848747253,
          0.0,
          -0.4966996908187866
        ],
        [
          0.0,
          1.0,
          0.0
        ],
        [
          0.4966996908187866,
          0.0,
          0.8679224848747253
        ]
      ],
      [
        [
          0.8706866502761841,
          0.0,
          -0.4918381869792938
        ],
        [
          0.0,
          1.0,
          0.0
        ],
        [
          0.4918381869792938,
          0.0,
          0.8706866502761841
        ]
      ],
      [
        [
          0.6054073572158813,
          0.0,
          0.7959158420562744
        ],
        [
          0.0,
          1.0,
          0.0
        ],
        [
          -0.7959158420562744,
          0.0,
          0.6054073572158813
        ]
      ],
      [
        [
          0.8895151615142822,
          0.0,
          0.456905722618103
        ],
        [
          0.0,
          1.0,
          0.0
        ],
        [
          -0.456905722618103,
          0.0,
          0.8895151615142822
        ]
      ],
      [
        [
          0.9855532050132751,
          0.0,
          0.16936622560024261
        ],
        [
          0.0,
          1.0,
          0.0
        ],
        [
          -0.16936622560024261,
          0.0,
          0.9855532050132751
        ]
      ],
      [
        [
          0.894774317741394,
          0.0,
          0.44651874899864197
        ],
        [
          0.0,
          1.0,
          0.0
        ],
        [
          -0.44651874899864197,
          0.0,
          0.894774317741394
        ]
      ],
      [
        [
          0.6313904523849487,
          0.0,
          0.7754651308059692
        ],
        [
          0.0,
          1.0,
          0.0
        ],
        [
          -0.7754651308059692,
          0.0,
          0.6313904523849487
        ]
      ],
      [
        [
          0.8912628293037415,
          0.0,
          0.4534871578216553
        ],
        [
          0.0,
          1.0,
          0.0
        ],
        [
          -0.4534871578216553,
          0.0,
          0.8912628293037415
        ]
      ],
      [
        [
          0.8237949013710022,
          0.0,
          -0.5668880343437195
        ],
        [
          0.0,
          1.0,
          0.0
        ],
        [
          0.5668880343437195,
          0.0,
          0.8237949013710022
        ]
      ],
      [
        [
          0.7128443717956543,
          0.0,
          0.7013222575187683
        ],
        [
          0.0,
          1.0,
          0.0
        ],
        [
          -0.7013222575187683,
          0.0,
          0.7128443717956543
        ]
      ],
      [
        [
          0.9255173802375793,
          0.0,
          -0.3787052035331726
        ],
        [
          0.0,
          1.0,
          0.0
        ],
        [
          0.3787052035331726,
          0.0,
          0.9255173802375793
        ]
      ],
      [
        [
          0.6071662306785583,
          0.0,
          0.7945748567581177
        ],
        [
          0.0,
          1.0,
          0.0
        ],
        [
          -0.7945748567581177,
          0.0,
          0.6071662306785583
        ]
      ],
      [
        [
          0.8676663041114807,
          0.0,
          -0.49714699387550354
        ],
        [
          0.0,
          1.0,
          0.0
        ],
        [
          0.49714699387550354,
          0.0,
          0.8676663041114807
        ]
      ],
      [
        [
          0.9017655253410339,
          0.0,
          -0.43222561478614807
        ],
        [
          0.0,
          1.0,
          0.0
        ],
        [
          0.43222561478614807,
          0.0,
          0.9017655253410339
        ]
      ],
      [
        [
          0.9279172420501709,
          0.0,
          -0.3727863132953644
        ],
        [
          0.0,
          1.0,
          0.0
        ],
        [
          0.3727863132953644,
          0.0,
          0.9279172420501709
        ]
      ],
      [
        [
          0.8010278940200806,
          0.0,
          -0.5986270904541016
        ],
        [
          0.0,
          1.0,
          0.0
        ],
        [
          0.5986270904541016,
          0.0,
          0.8010278940200806
        ]
      ],
      [
        [
          0.8588438034057617,
          0.0,
          -0.5122376084327698
        ],
        [
          0.0,
          1.0,
          0.0
        ],
        [
          0.5122376084327698,
          0.0,
          0.8588438034057617
        ]
      ],
      [
        [
          0.6577169895172119,
          0.0,
          0.7532651424407959
        ],
        [
          0.0,
          1.0,
          0.0
        ],
        [
          -0.7532651424407959,
          0.0,
          0.6577169895172119
        ]
      ],
      [
        [
          0.9192118048667908,
          0.0,
          0.3937635123729706
        ],
        [
          0.0,
          1.0,
          0.0
        ],
        [
          -0.3937635123729706,
          0.0,
          0.9192118048667908
        ]
      ]
    ]
  }
}