{
  "source_image": "teste/12.jpeg",
  "timestamp": null,
  "video_id": null,
  "image_size_hw": [
    900,
    1600
  ],
  "detections": [
    {
      "bbox_xyxy": [
        1331.332275390625,
        528.4456176757812,
        1442.9501953125,
        596.3143920898438
      ],
      "score": 0.7871253490447998,
      "class_id": 1
    },
    {
      "bbox_xyxy": [
        1440.719482421875,
        541.5335693359375,
        1521.8564453125,
        617.4912109375
      ],
      "score": 0.6598178148269653,
      "class_id": 1
    },
    {
      "bbox_xyxy": [
        398.68878173828125,
        480.17791748046875,
        488.7872314453125,
        553.3567504882812
      ],
      "score": 0.6453878879547119,
      "class_id": 1
    },
    {
      "bbox_xyxy": [
        525.0975341796875,
        227.0614013671875,
        1233.0040283203125,
        897.276123046875
      ],
      "score": 0.5359523296356201,
      "class_id": 1
    },
    {
      "bbox_xyxy": [
        137.08514404296875,
        317.40460205078125,
        387.117919921875,
        754.9238891601562
      ],
      "score": 0.5222960114479065,
      "class_id": 1
    },
    {
      "bbox_xyxy": [
        1522.2969970703125,
        504.01580810546875,
        1595.3311767578125,
        627.2886352539062
      ],
      "score": 0.4980049729347229,
      "class_id": 1
    },
    {
      "bbox_xyxy": [
        1280.9991455078125,
        588.693115234375,
        1594.0750732421875,
        896.087646484375
      ],
      "score": 0.4843333959579468,
      "class_id": 1
    },
    {
      "bbox_xyxy": [
        234.3623046875,
        0.0,
        1424.259765625,
        104.15666198730469
      ],
      "score": 0.4766102433204651,
      "class_id": 1
    },
    {
      "bbox_xyxy": [
        8.142486572265625,
        498.36566162109375,
        228.0576171875,
        823.4584350585938
      ],
      "score": 0.459553062915802,
      "class_id": 1
    },
    {
      "bbox_xyxy": [
        2.585357666015625,
        489.6376953125,
        240.318359375,
        831.117919921875
      ],
      "score": 0.42886030673980713,
      "class_id": 1
    },
    {
      "bbox_xyxy": [
        356.5578308105469,
        33.47953796386719,
        1359.43359375,
        131.8505401611328
      ],
      "score": 0.40536531805992126,
      "class_id": 1
    },
    {
      "bbox_xyxy": [
        413.73236083984375,
        587.4024047851562,
        458.09063720703125,
        653.1094360351562
      ],
      "score": 0.3882399797439575,
      "class_id": 1
    },
    {
      "bbox_xyxy": [
        0.0,
        383.365966796875,
        166.26123046875,
        825.4232177734375
      ],
      "score": 0.36620640754699707,
      "class_id": 1
    },
    {
      "bbox_xyxy": [
        0.0,
        736.7005004882812,
        239.4840545654297,
        897.6323852539062
      ],
      "score": 0.3527870178222656,
      "class_id": 1
    },
    {
      "bbox_xyxy": [
        65.626708984375,
        389.4083251953125,
        195.4837646484375,
        544.7471923828125
      ],
      "score": 0.3388833999633789,
      "class_id": 1
    },
    {
      "bbox_xyxy": [
        24.9122314453125,
        376.578369140625,
        281.0704345703125,
        822.5699462890625
      ],
      "score": 0.3246718645095825,
      "class_id": 1
    },
    {
      "bbox_xyxy": [
        1.47833251953125,
        316.72662353515625,
        373.4013671875,
        899.3733520507812
      ],
      "score": 0.31034472584724426,
      "class_id": 1
    },
    {
      "bbox_xyxy": [
        1403.30322265625,
        586.51806640625,
        1549.56884765625,
        627.3526611328125
      ],
      "score": 0.2955467104911804,
      "class_id": 1
    },
    {
      "bbox_xyxy": [
        58.74127197265625,
        315.8017578125,
        351.3468933105469,
        786.1160888671875
      ],
      "score": 0.2846904993057251,
      "class_id": 1
    },
    {
      "bbox_xyxy": [
        0.0,
        319.08660888671875,
        347.39898681640625,
        900.0
      ],
      "score": 0.27671074867248535,
      "class_id": 1
    },
    {
      "bbox_xyxy": [
        57.81782531738281,
        385.40118408203125,
        205.3030548095703,
        548.5459594726562
      ],
      "score": 0.2742998003959656,
      "class_id": 1
    },
    {
      "bbox_xyxy": [
        1393.987548828125,
        582.4528198242188,
        1555.2041015625,
        627.1161499023438
      ],
      "score": 0.2727697491645813,
      "class_id": 1
    },
    {
      "bbox_xyxy": [
        89.74700927734375,
        313.13555908203125,
        354.988037109375,
        723.4512329101562
      ],
      "score": 0.2713756561279297,
      "class_id": 1
    },
    {
      "bbox_xyxy": [
        1397.1124267578125,
        584.6685791015625,
        1435.3302001953125,
        613.6749267578125
      ],
      "score": 0.27113574743270874,
      "class_id": 1
    },
    {
      "bbox_xyxy": [
        185.4971923828125,
        314.767333984375,
        387.3660888671875,
        699.2291259765625
      ],
      "score": 0.26130738854408264,
      "class_id": 1
    },
    {
      "bbox_xyxy": [
        1546.304443359375,
        594.5327758789062,
        1587.81884765625,
        635.6235961914062
      ],
      "score": 0.2596997022628784,
      "class_id": 1
    }
  ],
  "boxes_3d": {
    "gravity_center_xyz": [
      [
        1.11173677444458,
        -0.07469356060028076,
        2.11379337310791
      ],
      [
        1.1203460693359375,
        -0.0359613299369812,
        1.8297463655471802
      ],
      [
        -0.7675407528877258,
        -0.1789149045944214,
        2.3830862045288086
      ],
      [
        0.1418466567993164,
        -0.034996628761291504,
        2.253904342651367
      ],
      [
        -0.8008810877799988,
        -0.10775893926620483,
        1.6895508766174316
      ],
      [
        1.1741900444030762,
        -0.05624812841415405,
        1.7185221910476685
      ],
      [
        1.1952605247497559,
        0.32736170291900635,
        1.8243257999420166
      ],
      [
        0.10851410031318665,
        -1.1226603984832764,
        2.147127151489258
      ],
      [
        -0.8083219528198242,
        0.06223177909851074,
        1.3205679655075073
      ],
      [
        -0.7957997918128967,
        0.0596010684967041,
        1.3094441890716553
      ],
      [
        0.1339525282382965,
        -1.0997416973114014,
        2.3632419109344482
      ],
      [
        -0.772100567817688,
        0.043671250343322754,
        2.349116325378418
      ],
      [
        -0.8861400485038757,
        -0.011767089366912842,
        1.2784782648086548
      ],
      [
        -0.8448028564453125,
        0.2969437837600708,
        1.336708664894104
      ],
      [
        -0.8623199462890625,
        -0.16957247257232666,
        1.4378174543380737
      ],
      [
        -0.8073141574859619,
        -0.01594001054763794,
        1.4139130115509033
      ],
      [
        -0.8105519413948059,
        8.487701416015625e-05,
        1.4869086742401123
      ],
      [
        1.0907106399536133,
        0.011527597904205322,
        1.7933927774429321
      ],
      [
        -0.8019952178001404,
        -0.0776790976524353,
        1.5461068153381348
      ],
      [
        -0.826237142086029,
        0.0019446611404418945,
        1.4234815835952759
      ],
      [
        -0.8613390326499939,
        -0.16896623373031616,
        1.440889596939087
      ],
      [
        1.0904144048690796,
        0.009653747081756592,
        1.8052647113800049
      ],
      [
        -0.8037227392196655,
        -0.12521135807037354,
        1.5890161991119385
      ],
      [
        1.067401647567749,
        -0.001972675323486328,
        1.932091236114502
      ],
      [
        -0.7943105101585388,
        -0.15091919898986816,
        1.7376883029937744
      ],
      [
        1.1384073495864868,
        0.023530900478363037,
        1.6542328596115112
      ]
    ],
    "dims_lhw": [
      [
        0.1679127812385559,
        0.11793726682662964,
        0.13621221482753754
      ],
      [
        0.0723390057682991,
        0.12491186708211899,
        0.12823358178138733
      ],
      [
        0.2032245546579361,
        0.1668807417154312,
        0.07915560901165009
      ],
      [
        1.219535231590271,
        1.443457007408142,
        0.18744465708732605
      ],
      [
        0.20742373168468475,
        0.6597069501876831,
        0.23893442749977112
      ],
      [
        0.05478843301534653,
        0.18556775152683258,
        0.12644733488559723
      ],
      [
        0.45339933037757874,
        0.6461674571037292,
        0.8455278277397156
      ],
      [
        2.1463568210601807,
        0.04431510716676712,
        0.515120267868042
      ],
      [
        0.18016962707042694,
        0.36522024869918823,
        0.16623343527317047
      ],
      [
        0.18655627965927124,
        0.3684445917606354,
        0.18529891967773438
      ],
      [
        2.0128908157348633,
        0.062473516911268234,
        0.10123502463102341
      ],
      [
        0.09569039195775986,
        0.16065199673175812,
        0.09052704274654388
      ],
      [
        0.14514650404453278,
        0.48615092039108276,
        0.2574958801269531
      ],
      [
        0.15250752866268158,
        0.21003200113773346,
        0.38544055819511414
      ],
      [
        0.09152398258447647,
        0.17781859636306763,
        0.15392839908599854
      ],
      [
        0.15059030055999756,
        0.5010809302330017,
        0.25566428899765015
      ],
      [
        0.23588047921657562,
        0.7389790415763855,
        0.4930936098098755
      ],
      [
        0.11596418172121048,
        0.04008178040385246,
        0.140213742852211
      ],
      [
        0.1896851658821106,
        0.6082730889320374,
        0.3081924617290497
      ],
      [
        0.17445522546768188,
        0.7087927460670471,
        0.5690632462501526
      ],
      [
        0.09312882274389267,
        0.17866314947605133,
        0.1540839821100235
      ],
      [
        0.17929315567016602,
        0.04929015040397644,
        0.1687936931848526
      ],
      [
        0.18743112683296204,
        0.6052389144897461,
        0.29378026723861694
      ],
      [
        0.0513552650809288,
        0.04663266986608505,
        0.12661448121070862
      ],
      [
        0.18454517424106598,
        0.6336740255355835,
        0.20568780601024628
      ],
      [
        0.04460952803492546,
        0.05362570285797119,
        0.11779006570577621
      ]
    ],
    "R_3x3": [
      [
        [
          0.9585461020469666,
          0.0,
          0.2849375903606415
        ],
        [
          0.0,
          1.0,
          0.0
        ],
        [
          -0.2849375903606415,
          0.0,
          0.9585461020469666
        ]
      ],
      [
        [
          0.9419370293617249,
          0.0,
          0.33578965067863464
        ],
        [
          0.0,
          1.0,
          0.0
        ],
        [
          -0.33578965067863464,
          0.0,
          0.9419370293617249
        ]
      ],
      [
        [
          0.97510826587677,
          0.0,
          -0.2217293232679367
        ],
        [
          0.0,
          1.0,
          0.0
        ],
        [
          0.2217293232679367,
          0.0,
          0.97510826587677
        ]
      ],
      [
        [
          0.999553918838501,
          0.0,
          0.02986668422818184
        ],
        [
          0.0,
          1.0,
          0.0
        ],
        [
          -0.02986668422818184,
          0.0,
          0.999553918838501
        ]
      ],
      [
        [
          0.9934605360031128,
          0.0,
          -0.11417589336633682
        ],
        [
          0.0,
          1.0,
          0.0
        ],
        [
          0.11417589336633682,
          0.0,
          0.9934605360031128
        ]
      ],
      [
        [
          0.9430474638938904,
          0.0,
          0.3326582610607147
        ],
        [
          0.0,
          1.0,
          0.0
        ],
        [
          -0.3326582610607147,
          0.0,
          0.9430474638938904
        ]
      ],
      [
        [
          0.9985543489456177,
          0.0,
          -0.05375177413225174
        ],
        [
          0.0,
          1.0,
          0.0
        ],
        [
          0.05375177413225174,
          0.0,
          0.9985543489456177
        ]
      ],
      [
        [
          0.9999992251396179,
          0.0,
          -0.0012662840308621526
        ],
        [
          0.0,
          1.0,
          0.0
        ],
        [
          0.0012662840308621526,
          0.0,
          0.9999992251396179
        ]
      ],
      [
        [
          0.9856039881706238,
          0.0,
          -0.16907045245170593
        ],
        [
          0.0,
          1.0,
          0.0
        ],
        [
          0.16907045245170593,
          0.0,
          0.9856039881706238
        ]
      ],
      [
        [
          0.9960299134254456,
          0.0,
          0.0890190526843071
        ],
        [
          0.0,
          1.0,
          0.0
        ],
        [
          -0.0890190526843071,
          0.0,
          0.9960299134254456
        ]
      ],
      [
        [
          0.999588668346405,
          0.0,
          -0.028680091723799706
        ],
        [
          0.0,
          1.0,
          0.0
        ],
        [
          0.028680091723799706,
          0.0,
          0.999588668346405
        ]
      ],
      [
        [
          0.9845021963119507,
          0.0,
          -0.17537236213684082
        ],
        [
          0.0,
          1.0,
          0.0
        ],
        [
          0.17537236213684082,
          0.0,
          0.9845021963119507
        ]
      ],
      [
        [
          0.9999954104423523,
          0.0,
          -0.0030345735140144825
        ],
        [
          0.0,
          1.0,
          0.0
        ],
        [
          0.0030345735140144825,
          0.0,
          0.9999954104423523
        ]
      ],
      [
        [
          0.9965202808380127,
          0.0,
          0.08335044980049133
        ],
        [
          0.0,
          1.0,
          0.0
        ],
        [
          -0.08335044980049133,
          0.0,
          0.9965202808380127
        ]
      ],
      [
        [
          0.9751142263412476,
          0.0,
          -0.22170305252075195
        ],
        [
          0.0,
          1.0,
          0.0
        ],
        [
          0.22170305252075195,
          0.0,
          0.9751142263412476
        ]
      ],
      [
        [
          0.9999818205833435,
          0.0,
          -0.006034383550286293
        ],
        [
          0.0,
          1.0,
          0.0
        ],
        [
          0.006034383550286293,
          0.0,
          0.9999818205833435
        ]
      ],
      [
        [
          0.9923082590103149,
          0.0,
          0.12379135936498642
        ],
        [
          0.0,
          1.0,
          0.0
        ],
        [
          -0.12379135936498642,
          0.0,
          0.9923082590103149
        ]
      ],
      [
        [
          0.9642941951751709,
          0.0,
          0.2648334205150604
        ],
        [
          0.0,
          1.0,
          0.0
        ],
        [
          -0.2648334205150604,
          0.0,
          0.9642941951751709
        ]
      ],
      [
        [
          0.999733030796051,
          0.0,
          0.02310478501021862
        ],
        [
          0.0,
          1.0,
          0.0
        ],
        [
          -0.02310478501021862,
          0.0,
          0.999733030796051
        ]
      ],
      [
        [
          0.9920607209205627,
          0.0,
          0.12575986981391907
        ],
        [
          0.0,
          1.0,
          0.0
        ],
        [
          -0.12575986981391907,
          0.0,
          0.9920607209205627
        ]
      ],
      [
        [
          0.9785414934158325,
          0.0,
          -0.206049844622612
        ],
        [
          0.0,
          1.0,
          0.0
        ],
        [
          0.206049844622612,
          0.0,
          0.9785414934158325
        ]
      ],
      [
        [
          0.9838674068450928,
          0.0,
          0.17889909446239471
        ],
        [
          0.0,
          1.0,
          0.0
        ],
        [
          -0.17889909446239471,
          0.0,
          0.9838674068450928
        ]
      ],
      [
        [
          0.9977211356163025,
          0.0,
          -0.06747224181890488
        ],
        [
          0.0,
          1.0,
          0.0
        ],
        [
          0.06747224181890488,
          0.0,
          0.9977211356163025
        ]
      ],
      [
        [
          0.9482342600822449,
          0.0,
          0.3175716996192932
        ],
        [
          0.0,
          1.0,
          0.0
        ],
        [
          -0.3175716996192932,
          0.0,
          0.9482342600822449
        ]
      ],
      [
        [
          0.9774610996246338,
          0.0,
          -0.2111155092716217
        ],
        [
          0.0,
          1.0,
          0.0
        ],
        [
          0.2111155092716217,
          0.0,
          0.9774610996246338
        ]
      ],
      [
        [
          0.9303843975067139,
          0.0,
          0.3665854334831238
        ],
        [
          0.0,
          1.0,
          0.0
        ],
        [
          -0.3665854334831238,
          0.0,
          0.9303843975067139
        ]
      ]
    ]
  }
}