{
  "source_image": "teste/13.jpeg",
  "timestamp": null,
  "video_id": null,
  "image_size_hw": [
    1200,
    1600
  ],
  "detections": [
    {
      "bbox_xyxy": [
        1136.3458251953125,
        800.9802856445312,
        1597.0169677734375,
        1002.3370971679688
      ],
      "score": 0.8809047937393188,
      "class_id": 1
    },
    {
      "bbox_xyxy": [
        1115.955078125,
        863.883544921875,
        1592.194091796875,
        1054.094970703125
      ],
      "score": 0.7290859818458557,
      "class_id": 1
    },
    {
      "bbox_xyxy": [
        1218.5135498046875,
        257.70928955078125,
        1534.0418701171875,
        664.79052734375
      ],
      "score": 0.685154378414154,
      "class_id": 1
    },
    {
      "bbox_xyxy": [
        21.97509765625,
        12.4901123046875,
        1159.4453125,
        1176.6207275390625
      ],
      "score": 0.6586265563964844,
      "class_id": 1
    },
    {
      "bbox_xyxy": [
        1007.6991577148438,
        902.917236328125,
        1600.0,
        1198.829833984375
      ],
      "score": 0.5112113356590271,
      "class_id": 1
    },
    {
      "bbox_xyxy": [
        879.5306396484375,
        981.176025390625,
        1138.999267578125,
        1199.75390625
      ],
      "score": 0.3748776912689209,
      "class_id": 1
    },
    {
      "bbox_xyxy": [
        15.540008544921875,
        1.10498046875,
        180.20455932617188,
        1176.470458984375
      ],
      "score": 0.28452304005622864,
      "class_id": 1
    }
  ],
  "boxes_3d": {
    "gravity_center_xyz": [
      [
        0.9828330874443054,
        0.5010807514190674,
        1.9139560461044312
      ],
      [
        0.9439666271209717,
        0.6031029224395752,
        1.9059587717056274
      ],
      [
        1.0124903917312622,
        -0.23502206802368164,
        1.9961966276168823
      ],
      [
        -0.34085702896118164,
        -0.007661581039428711,
        2.145130157470703
      ],
      [
        0.9176531434059143,
        0.8502466678619385,
        1.6939905881881714
      ],
      [
        0.345846951007843,
        0.9469043016433716,
        1.9083935022354126
      ],
      [
        -1.2700361013412476,
        0.08177828788757324,
        1.9709326028823853
      ]
    ],
    "dims_lhw": [
      [
        0.6238324046134949,
        0.14144782721996307,
        0.3722356855869293
      ],
      [
        0.611687421798706,
        0.09561873227357864,
        0.39497989416122437
      ],
      [
        0.42268335819244385,
        0.6321315765380859,
        0.08973576873540878
      ],
      [
        1.4755830764770508,
        1.8983882665634155,
        0.5331247448921204
      ],
      [
        0.9268270134925842,
        0.47692257165908813,
        0.7479277849197388
      ],
      [
        0.3037355840206146,
        0.31466442346572876,
        0.3952113091945648
      ],
      [
        0.0644536241889,
        1.8137391805648804,
        0.12466425448656082
      ]
    ],
    "R_3x3": [
      [
        [
          0.9995821118354797,
          0.0,
          -0.02890709973871708
        ],
        [
          0.0,
          1.0,
          0.0
        ],
        [
          0.02890709973871708,
          0.0,
          0.9995821118354797
        ]
      ],
      [
        [
          0.9984465837478638,
          0.0,
          -0.055716920644044876
        ],
        [
          0.0,
          1.0,
          0.0
        ],
        [
          0.055716920644044876,
          0.0,
          0.9984465837478638
        ]
      ],
      [
        [
          0.9974381327629089,
          0.0,
          0.07153409719467163
        ],
        [
          0.0,
          1.0,
          0.0
        ],
        [
          -0.07153409719467163,
          0.0,
          0.9974381327629089
        ]
      ],
      [
        [
          0.9999814033508301,
          0.0,
          0.006094031501561403
        ],
        [
          0.0,
          1.0,
          0.0
        ],
        [
          -0.006094031501561403,
          0.0,
          0.9999814033508301
        ]
      ],
      [
        [
          0.9999276995658875,
          0.0,
          0.012027210555970669
        ],
        [
          0.0,
          1.0,
          0.0
        ],
        [
          -0.012027210555970669,
          0.0,
          0.9999276995658875
        ]
      ],
      [
        [
          0.994233250617981,
          0.0,
          0.10723923146724701
        ],
        [
          0.0,
          1.0,
          0.0
        ],
        [
          -0.10723923146724701,
          0.0,
          0.994233250617981
        ]
      ],
      [
        [
          0.9839767813682556,
          0.0,
          -0.17829680442810059
        ],
        [
          0.0,
          1.0,
          0.0
        ],
        [
          0.17829680442810059,
          0.0,
          0.9839767813682556
        ]
      ]
    ]
  }
}