{
  "source_image": "teste/14.jpeg",
  "timestamp": null,
  "video_id": null,
  "image_size_hw": [
    1200,
    1600
  ],
  "detections": [
    {
      "bbox_xyxy": [
        522.6002197265625,
        752.3326416015625,
        1079.6455078125,
        962.4400634765625
      ],
      "score": 0.7784938812255859,
      "class_id": 1
    },
    {
      "bbox_xyxy": [
        634.3419189453125,
        214.42752075195312,
        741.46533203125,
        351.4387512207031
      ],
      "score": 0.7238696217536926,
      "class_id": 1
    },
    {
      "bbox_xyxy": [
        16.846893310546875,
        778.9134521484375,
        377.66241455078125,
        1033.4183349609375
      ],
      "score": 0.6774076223373413,
      "class_id": 1
    },
    {
      "bbox_xyxy": [
        0.0,
        174.68231201171875,
        146.55880737304688,
        679.689697265625
      ],
      "score": 0.6510722041130066,
      "class_id": 1
    },
    {
      "bbox_xyxy": [
        1118.313720703125,
        241.69175720214844,
        1442.268798828125,
        568.2852783203125
      ],
      "score": 0.6444586515426636,
      "class_id": 1
    },
    {
      "bbox_xyxy": [
        856.656005859375,
        232.588623046875,
        1003.96337890625,
        355.202392578125
      ],
      "score": 0.6419009566307068,
      "class_id": 1
    },
    {
      "bbox_xyxy": [
        344.62646484375,
        373.6407470703125,
        548.62353515625,
        644.66064453125
      ],
      "score": 0.5708317756652832,
      "class_id": 1
    },
    {
      "bbox_xyxy": [
        834.560302734375,
        395.932861328125,
        1012.648193359375,
        641.1038818359375
      ],
      "score": 0.5533732175827026,
      "class_id": 1
    },
    {
      "bbox_xyxy": [
        1330.274658203125,
        182.1395263671875,
        1592.605224609375,
        1161.450439453125
      ],
      "score": 0.5334231853485107,
      "class_id": 1
    },
    {
      "bbox_xyxy": [
        121.8392333984375,
        127.07846069335938,
        1417.452392578125,
        229.35931396484375
      ],
      "score": 0.5262125730514526,
      "class_id": 1
    },
    {
      "bbox_xyxy": [
        1334.0338134765625,
        780.379150390625,
        1598.3333740234375,
        1161.277099609375
      ],
      "score": 0.5137349367141724,
      "class_id": 1
    },
    {
      "bbox_xyxy": [
        88.755859375,
        0.0,
        1599.9957275390625,
        133.29010009765625
      ],
      "score": 0.4957025647163391,
      "class_id": 1
    },
    {
      "bbox_xyxy": [
        590.533447265625,
        382.572021484375,
        775.78125,
        640.205810546875
      ],
      "score": 0.49405550956726074,
      "class_id": 1
    },
    {
      "bbox_xyxy": [
        16.1749267578125,
        778.1695556640625,
        1389.9862060546875,
        1198.445068359375
      ],
      "score": 0.47771528363227844,
      "class_id": 1
    },
    {
      "bbox_xyxy": [
        26.0216064453125,
        862.8472900390625,
        363.2738037109375,
        1083.5780029296875
      ],
      "score": 0.4522550702095032,
      "class_id": 1
    },
    {
      "bbox_xyxy": [
        1368.6190185546875,
        739.7127685546875,
        1521.0765380859375,
        871.9390869140625
      ],
      "score": 0.4124319553375244,
      "class_id": 1
    },
    {
      "bbox_xyxy": [
        25.160919189453125,
        858.677001953125,
        362.0523986816406,
        1084.756103515625
      ],
      "score": 0.3477683961391449,
      "class_id": 1
    },
    {
      "bbox_xyxy": [
        1386.39794921875,
        677.5016479492188,
        1494.55224609375,
        756.1671752929688
      ],
      "score": 0.30702731013298035,
      "class_id": 1
    },
    {
      "bbox_xyxy": [
        1085.07568359375,
        231.91064453125,
        1463.0283203125,
        1059.314697265625
      ],
      "score": 0.29989126324653625,
      "class_id": 1
    },
    {
      "bbox_xyxy": [
        1386.96923828125,
        815.78466796875,
        1581.935302734375,
        971.1612548828125
      ],
      "score": 0.25045523047447205,
      "class_id": 1
    }
  ],
  "boxes_3d": {
    "gravity_center_xyz": [
      [
        -0.02891417220234871,
        0.584915041923523,
        2.6263208389282227
      ],
      [
        -0.2779477834701538,
        -0.7583785653114319,
        2.6735639572143555
      ],
      [
        -1.128723382949829,
        0.5518994331359863,
        2.1767446994781494
      ],
      [
        -1.2604655027389526,
        -0.29460811614990234,
        1.9003978967666626
      ],
      [
        1.2196111679077148,
        -0.4887298345565796,
        2.8509392738342285
      ],
      [
        0.32139286398887634,
        -0.7697558403015137,
        2.81046199798584
      ],
      [
        -0.8582098484039307,
        -0.2147207260131836,
        2.685703754425049
      ],
      [
        0.31038424372673035,
        -0.20499897003173828,
        2.9032199382781982
      ],
      [
        1.7125391960144043,
        0.21242332458496094,
        2.707798480987549
      ],
      [
        0.08462376892566681,
        -1.0193047523498535,
        2.727695941925049
      ],
      [
        1.7544599771499634,
        0.9069136381149292,
        2.8001182079315186
      ],
      [
        0.23482778668403625,
        -1.1768518686294556,
        2.2753210067749023
      ],
      [
        -0.30390262603759766,
        -0.22023117542266846,
        2.818042755126953
      ],
      [
        -0.2763265371322632,
        0.9913444519042969,
        2.265148401260376
      ],
      [
        -1.1556241512298584,
        0.7026855945587158,
        2.195317268371582
      ],
      [
        2.4270758628845215,
        0.7848892211914062,
        4.220519065856934
      ],
      [
        -1.1471896171569824,
        0.6965858936309814,
        2.1618897914886475
      ],
      [
        2.5513572692871094,
        0.47375059127807617,
        4.452398777008057
      ],
      [
        1.2459502220153809,
        0.14248418807983398,
        2.9758644104003906
      ],
      [
        1.8651790618896484,
        0.7893929481506348,
        3.001917839050293
      ]
    ],
    "dims_lhw": [
      [
        0.9971489906311035,
        0.239779993891716,
        0.5265088081359863
      ],
      [
        0.24744465947151184,
        0.2943981885910034,
        0.09691347181797028
      ],
      [
        0.4197828769683838,
        0.21933314204216003,
        0.6587119698524475
      ],
      [
        0.05127142369747162,
        0.7158438563346863,
        0.5530027747154236
      ],
      [
        0.6919043660163879,
        0.732854425907135,
        0.11420512199401855
      ],
      [
        0.3529289960861206,
        0.2598845958709717,
        0.08577628433704376
      ],
      [
        0.40008851885795593,
        0.5846481919288635,
        0.09574893862009048
      ],
      [
        0.4022747576236725,
        0.5938445329666138,
        0.08176872134208679
      ],
      [
        0.2315058708190918,
        1.9636454582214355,
        0.747154951095581
      ],
      [
        2.7096383571624756,
        0.07508837431669235,
        0.10557403415441513
      ],
      [
        0.4832688271999359,
        0.6844326853752136,
        0.4912562966346741
      ],
      [
        2.737487316131592,
        0.042814701795578,
        0.7887712717056274
      ],
      [
        0.40109917521476746,
        0.5671165585517883,
        0.07894740998744965
      ],
      [
        2.052757501602173,
        0.7020822167396545,
        1.0825392007827759
      ],
      [
        0.44724634289741516,
        0.177412748336792,
        0.5725235939025879
      ],
      [
        0.41347959637641907,
        0.3683914840221405,
        0.25811338424682617
      ],
      [
        0.47226884961128235,
        0.15482854843139648,
        0.5178674459457397
      ],
      [
        0.2095208615064621,
        0.20381252467632294,
        0.28408282995224
      ],
      [
        0.7594159245491028,
        1.9138236045837402,
        0.11436409503221512
      ],
      [
        0.3627487123012543,
        0.2317347675561905,
        0.285053551197052
      ]
    ],
    "R_3x3": [
      [
        [
          0.9772370457649231,
          0.0,
          -0.2121501863002777
        ],
        [
          0.0,
          1.0,
          0.0
        ],
        [
          0.2121501863002777,
          0.0,
          0.9772370457649231
        ]
      ],
      [
        [
          0.9875347018241882,
          0.0,
          -0.15740139782428741
        ],
        [
          0.0,
          1.0,
          0.0
        ],
        [
          0.15740139782428741,
          0.0,
          0.9875347018241882
        ]
      ],
      [
        [
          0.9876720905303955,
          0.0,
          -0.15653713047504425
        ],
        [
          0.0,
          1.0,
          0.0
        ],
        [
          0.15653713047504425,
          0.0,
          0.9876720905303955
        ]
      ],
      [
        [
          0.9906350374221802,
          0.0,
          -0.13653631508350372
        ],
        [
          0.0,
          1.0,
          0.0
        ],
        [
          0.13653631508350372,
          0.0,
          0.9906350374221802
        ]
      ],
      [
        [
          0.9872646927833557,
          0.0,
          -0.1590861827135086
        ],
        [
          0.0,
          1.0,
          0.0
        ],
        [
          0.1590861827135086,
          0.0,
          0.9872646927833557
        ]
      ],
      [
        [
          0.9941672086715698,
          0.0,
          -0.10784982144832611
        ],
        [
          0.0,
          1.0,
          0.0
        ],
        [
          0.10784982144832611,
          0.0,
          0.9941672086715698
        ]
      ],
      [
        [
          0.9700181484222412,
          0.0,
          -0.24303248524665833
        ],
        [
          0.0,
          1.0,
          0.0
        ],
        [
          0.24303248524665833,
          0.0,
          0.9700181484222412
        ]
      ],
      [
        [
          0.9845314025878906,
          0.0,
          -0.17520835995674133
        ],
        [
          0.0,
          1.0,
          0.0
        ],
        [
          0.17520835995674133,
          0.0,
          0.9845314025878906
        ]
      ],
      [
        [
          0.9699124693870544,
          0.0,
          -0.2434539794921875
        ],
        [
          0.0,
          1.0,
          0.0
        ],
        [
          0.2434539794921875,
          0.0,
          0.9699124693870544
        ]
      ],
      [
        [
          0.9767736792564392,
          0.0,
          -0.21427373588085175
        ],
        [
          0.0,
          1.0,
          0.0
        ],
        [
          0.21427373588085175,
          0.0,
          0.9767736792564392
        ]
      ],
      [
        [
          0.9915276765823364,
          0.0,
          -0.12989549338817596
        ],
        [
          0.0,
          1.0,
          0.0
        ],
        [
          0.12989549338817596,
          0.0,
          0.9915276765823364
        ]
      ],
      [
        [
          0.9788625240325928,
          0.0,
          -0.20451922714710236
        ],
        [
          0.0,
          1.0,
          0.0
        ],
        [
          0.20451922714710236,
          0.0,
          0.9788625240325928
        ]
      ],
      [
        [
          0.9820165634155273,
          0.0,
          -0.18879485130310059
        ],
        [
          0.0,
          1.0,
          0.0
        ],
        [
          0.18879485130310059,
          0.0,
          0.9820165634155273
        ]
      ],
      [
        [
          0.9794482588768005,
          0.0,
          -0.2016955465078354
        ],
        [
          0.0,
          1.0,
          0.0
        ],
        [
          0.2016955465078354,
          0.0,
          0.9794482588768005
        ]
      ],
      [
        [
          0.9825872182846069,
          0.0,
          -0.18580196797847748
        ],
        [
          0.0,
          1.0,
          0.0
        ],
        [
          0.18580196797847748,
          0.0,
          0.9825872182846069
        ]
      ],
      [
        [
          0.9941855072975159,
          0.0,
          -0.10768065601587296
        ],
        [
          0.0,
          1.0,
          0.0
        ],
        [
          0.10768065601587296,
          0.0,
          0.9941855072975159
        ]
      ],
      [
        [
          0.9828075766563416,
          0.0,
          -0.18463292717933655
        ],
        [
          0.0,
          1.0,
          0.0
        ],
        [
          0.18463292717933655,
          0.0,
          0.9828075766563416
        ]
      ],
      [
        [
          0.9916026592254639,
          0.0,
          0.12932197749614716
        ],
        [
          0.0,
          1.0,
          0.0
        ],
        [
          -0.12932197749614716,
          0.0,
          0.9916026592254639
        ]
      ],
      [
        [
          0.9723466038703918,
          0.0,
          -0.23354244232177734
        ],
        [
          0.0,
          1.0,
          0.0
        ],
        [
          0.23354244232177734,
          0.0,
          0.9723466038703918
        ]
      ],
      [
        [
          0.9953588843345642,
          0.0,
          -0.09623262286186218
        ],
        [
          0.0,
          1.0,
          0.0
        ],
        [
          0.09623262286186218,
          0.0,
          0.9953588843345642
        ]
      ]
    ]
  }
}