{
  "source_image": "teste/15.jpeg",
  "timestamp": null,
  "video_id": null,
  "image_size_hw": [
    1200,
    1600
  ],
  "detections": [
    {
      "bbox_xyxy": [
        156.5404052734375,
        80.77032470703125,
        465.44219970703125,
        188.50265502929688
      ],
      "score": 0.787090003490448,
      "class_id": 1
    },
    {
      "bbox_xyxy": [
        42.39306640625,
        667.865478515625,
        464.97857666015625,
        766.8385009765625
      ],
      "score": 0.7792884111404419,
      "class_id": 1
    },
    {
      "bbox_xyxy": [
        730.41748046875,
        886.7508544921875,
        1126.473388671875,
        1017.52978515625
      ],
      "score": 0.7506797313690186,
      "class_id": 1
    },
    {
      "bbox_xyxy": [
        533.5089721679688,
        809.4517211914062,
        597.5103149414062,
        995.9559936523438
      ],
      "score": 0.7226763963699341,
      "class_id": 1
    },
    {
      "bbox_xyxy": [
        610.384521484375,
        790.2060546875,
        755.5087890625,
        888.6243896484375
      ],
      "score": 0.7163560390472412,
      "class_id": 1
    },
    {
      "bbox_xyxy": [
        42.077880859375,
        295.9817199707031,
        471.4478759765625,
        417.7110290527344
      ],
      "score": 0.7152773141860962,
      "class_id": 1
    },
    {
      "bbox_xyxy": [
        0.01898193359375,
        0.0,
        338.20233154296875,
        130.40032958984375
      ],
      "score": 0.6922966837882996,
      "class_id": 1
    },
    {
      "bbox_xyxy": [
        477.39453125,
        135.39739990234375,
        1334.5869140625,
        645.1378173828125
      ],
      "score": 0.6664240956306458,
      "class_id": 1
    },
    {
      "bbox_xyxy": [
        211.99346923828125,
        915.5225830078125,
        351.18328857421875,
        979.58154296875
      ],
      "score": 0.6489547491073608,
      "class_id": 1
    },
    {
      "bbox_xyxy": [
        694.39501953125,
        973.6285400390625,
        1065.2325439453125,
        1200.0
      ],
      "score": 0.6214455962181091,
      "class_id": 1
    },
    {
      "bbox_xyxy": [
        329.9875183105469,
        858.7507934570312,
        454.1182556152344,
        927.2544555664062
      ],
      "score": 0.5696774125099182,
      "class_id": 1
    },
    {
      "bbox_xyxy": [
        596.443115234375,
        895.096435546875,
        744.68701171875,
        994.756103515625
      ],
      "score": 0.5626852512359619,
      "class_id": 1
    },
    {
      "bbox_xyxy": [
        88.31884765625,
        891.0225830078125,
        1152.06201171875,
        1198.6214599609375
      ],
      "score": 0.5234851241111755,
      "class_id": 1
    },
    {
      "bbox_xyxy": [
        143.38839721679688,
        1012.100341796875,
        412.3642883300781,
        1199.5439453125
      ],
      "score": 0.5224291086196899,
      "class_id": 1
    },
    {
      "bbox_xyxy": [
        72.36968994140625,
        442.1798095703125,
        134.42343139648438,
        537.7789306640625
      ],
      "score": 0.4857049882411957,
      "class_id": 1
    },
    {
      "bbox_xyxy": [
        0.0,
        83.45452880859375,
        518.7230224609375,
        821.800537109375
      ],
      "score": 0.47821030020713806,
      "class_id": 1
    },
    {
      "bbox_xyxy": [
        395.8447265625,
        840.0877685546875,
        514.068359375,
        915.583984375
      ],
      "score": 0.4781591594219208,
      "class_id": 1
    },
    {
      "bbox_xyxy": [
        14.263168334960938,
        73.2325439453125,
        194.99856567382812,
        184.385986328125
      ],
      "score": 0.4557172954082489,
      "class_id": 1
    },
    {
      "bbox_xyxy": [
        0.123046875,
        766.5377197265625,
        851.00537109375,
        1200.0
      ],
      "score": 0.45465442538261414,
      "class_id": 1
    },
    {
      "bbox_xyxy": [
        41.8270263671875,
        546.659423828125,
        467.3450927734375,
        654.8853759765625
      ],
      "score": 0.4383589029312134,
      "class_id": 1
    },
    {
      "bbox_xyxy": [
        1137.519287109375,
        1055.00244140625,
        1240.09375,
        1198.40087890625
      ],
      "score": 0.4296818673610687,
      "class_id": 1
    },
    {
      "bbox_xyxy": [
        396.5108642578125,
        841.5225830078125,
        513.698974609375,
        914.6026611328125
      ],
      "score": 0.42192763090133667,
      "class_id": 1
    },
    {
      "bbox_xyxy": [
        219.1904296875,
        0.0,
        1537.134765625,
        72.13435363769531
      ],
      "score": 0.4191702604293823,
      "class_id": 1
    },
    {
      "bbox_xyxy": [
        483.71075439453125,
        855.1179809570312,
        544.7328491210938,
        941.2859497070312
      ],
      "score": 0.4146376848220825,
      "class_id": 1
    },
    {
      "bbox_xyxy": [
        784.4979858398438,
        819.0850830078125,
        925.5617065429688,
        895.1783447265625
      ],
      "score": 0.40947940945625305,
      "class_id": 1
    },
    {
      "bbox_xyxy": [
        35.62987518310547,
        426.8160400390625,
        289.8826904296875,
        532.4248046875
      ],
      "score": 0.4076504409313202,
      "class_id": 1
    },
    {
      "bbox_xyxy": [
        239.06036376953125,
        419.52978515625,
        468.95025634765625,
        530.1983642578125
      ],
      "score": 0.40434446930885315,
      "class_id": 1
    },
    {
      "bbox_xyxy": [
        347.17938232421875,
        66.76742553710938,
        486.89019775390625,
        173.986328125
      ],
      "score": 0.40303152799606323,
      "class_id": 1
    },
    {
      "bbox_xyxy": [
        338.9792785644531,
        255.83151245117188,
        424.0193176269531,
        288.7768859863281
      ],
      "score": 0.39131149649620056,
      "class_id": 1
    },
    {
      "bbox_xyxy": [
        0.0,
        763.2078857421875,
        989.9129638671875,
        1200.0
      ],
      "score": 0.37526649236679077,
      "class_id": 1
    },
    {
      "bbox_xyxy": [
        30.480331420898438,
        744.408447265625,
        98.56866455078125,
        769.9481201171875
      ],
      "score": 0.3731185495853424,
      "class_id": 1
    },
    {
      "bbox_xyxy": [
        382.8553771972656,
        943.6940307617188,
        449.4153137207031,
        994.0651245117188
      ],
      "score": 0.37290331721305847,
      "class_id": 1
    },
    {
      "bbox_xyxy": [
        1013.4295654296875,
        1023.0098876953125,
        1177.8006591796875,
        1199.3033447265625
      ],
      "score": 0.36941149830818176,
      "class_id": 1
    },
    {
      "bbox_xyxy": [
        0.0535888671875,
        785.14697265625,
        518.58935546875,
        1200.0
      ],
      "score": 0.3577825427055359,
      "class_id": 1
    },
    {
      "bbox_xyxy": [
        767.9041748046875,
        854.5082397460938,
        986.2757568359375,
        939.8840942382812
      ],
      "score": 0.3576810657978058,
      "class_id": 1
    },
    {
      "bbox_xyxy": [
        303.3741455078125,
        894.9947509765625,
        415.57037353515625,
        943.739990234375
      ],
      "score": 0.3536355197429657,
      "class_id": 1
    },
    {
      "bbox_xyxy": [
        231.00079345703125,
        442.636962890625,
        276.66943359375,
        525.8291625976562
      ],
      "score": 0.3528302013874054,
      "class_id": 1
    },
    {
      "bbox_xyxy": [
        530.1409912109375,
        809.0948486328125,
        585.791015625,
        907.0179443359375
      ],
      "score": 0.33456477522850037,
      "class_id": 1
    },
    {
      "bbox_xyxy": [
        483.71356201171875,
        844.9273071289062,
        551.6349487304688,
        930.2173461914062
      ],
      "score": 0.33012136816978455,
      "class_id": 1
    },
    {
      "bbox_xyxy": [
        305.7088928222656,
        883.9122924804688,
        430.9433288574219,
        944.1576538085938
      ],
      "score": 0.32604795694351196,
      "class_id": 1
    },
    {
      "bbox_xyxy": [
        589.2403564453125,
        925.9632568359375,
        747.27001953125,
        998.5537109375
      ],
      "score": 0.32472455501556396,
      "class_id": 1
    },
    {
      "bbox_xyxy": [
        1528.354248046875,
        0.0,
        1600.0,
        1176.3818359375
      ],
      "score": 0.31369999051094055,
      "class_id": 1
    },
    {
      "bbox_xyxy": [
        940.4557495117188,
        806.6204833984375,
        1000.0973510742188,
        923.4053955078125
      ],
      "score": 0.3125591576099396,
      "class_id": 1
    },
    {
      "bbox_xyxy": [
        1521.87255859375,
        0.0,
        1600.0,
        1200.0
      ],
      "score": 0.3119816482067108,
      "class_id": 1
    },
    {
      "bbox_xyxy": [
        470.606689453125,
        917.0426025390625,
        553.1431884765625,
        953.03955078125
      ],
      "score": 0.3099704086780548,
      "class_id": 1
    },
    {
      "bbox_xyxy": [
        1026.790771484375,
        976.242431640625,
        1164.638671875,
        1075.55078125
      ],
      "score": 0.30401304364204407,
      "class_id": 1
    },
    {
      "bbox_xyxy": [
        6.95782470703125,
        69.08340454101562,
        195.91354370117188,
        175.76840209960938
      ],
      "score": 0.30226317048072815,
      "class_id": 1
    },
    {
      "bbox_xyxy": [
        0.5523681640625,
        813.687744140625,
        1230.06640625,
        1200.0
      ],
      "score": 0.30213823914527893,
      "class_id": 1
    },
    {
      "bbox_xyxy": [
        249.9168701171875,
        556.9531860351562,
        335.56817626953125,
        645.2272338867188
      ],
      "score": 0.3002040684223175,
      "class_id": 1
    },
    {
      "bbox_xyxy": [
        390.88983154296875,
        951.0208740234375,
        436.80023193359375,
        992.8154296875
      ],
      "score": 0.29930898547172546,
      "class_id": 1
    },
    {
      "bbox_xyxy": [
        605.8937377929688,
        895.1934814453125,
        734.6157836914062,
        969.2197265625
      ],
      "score": 0.2970752418041229,
      "class_id": 1
    },
    {
      "bbox_xyxy": [
        226.63998413085938,
        11.556167602539062,
        366.4286193847656,
        119.92237854003906
      ],
      "score": 0.29532164335250854,
      "class_id": 1
    },
    {
      "bbox_xyxy": [
        0.61480712890625,
        0.0,
        273.6120910644531,
        112.84455108642578
      ],
      "score": 0.29474329948425293,
      "class_id": 1
    },
    {
      "bbox_xyxy": [
        459.72406005859375,
        939.2061157226562,
        539.7667846679688,
        974.3568725585938
      ],
      "score": 0.293515682220459,
      "class_id": 1
    },
    {
      "bbox_xyxy": [
        12.636489868164062,
        62.90827941894531,
        193.29647827148438,
        152.10411071777344
      ],
      "score": 0.2815335690975189,
      "class_id": 1
    },
    {
      "bbox_xyxy": [
        39.902313232421875,
        554.3368530273438,
        178.4844970703125,
        655.4431762695312
      ],
      "score": 0.2775959074497223,
      "class_id": 1
    },
    {
      "bbox_xyxy": [
        465.8800048828125,
        950.248779296875,
        531.0394287109375,
        975.3760986328125
      ],
      "score": 0.2746247351169586,
      "class_id": 1
    },
    {
      "bbox_xyxy": [
        181.68862915039062,
        0.0,
        347.1664733886719,
        112.70718383789062
      ],
      "score": 0.2739809453487396,
      "class_id": 1
    },
    {
      "bbox_xyxy": [
        629.0442504882812,
        867.17041015625,
        709.4839477539062,
        921.8211669921875
      ],
      "score": 0.27265143394470215,
      "class_id": 1
    },
    {
      "bbox_xyxy": [
        36.584197998046875,
        188.49868774414062,
        161.56161499023438,
        243.1561279296875
      ],
      "score": 0.2708292305469513,
      "class_id": 1
    },
    {
      "bbox_xyxy": [
        128.75840759277344,
        621.0347290039062,
        168.38829040527344,
        656.9591674804688
      ],
      "score": 0.2707444727420807,
      "class_id": 1
    },
    {
      "bbox_xyxy": [
        709.4598999023438,
        999.2003173828125,
        997.7077026367188,
        1172.5015869140625
      ],
      "score": 0.26549428701400757,
      "class_id": 1
    },
    {
      "bbox_xyxy": [
        464.0928955078125,
        964.2008666992188,
        506.68365478515625,
        989.1677856445312
      ],
      "score": 0.2624330520629883,
      "class_id": 1
    }
  ],
  "boxes_3d": {
    "gravity_center_xyz": [
      [
        -0.9075730443000793,
        -0.8517853021621704,
        2.064164876937866
      ],
      [
        -1.118654489517212,
        0.2409038543701172,
        2.279757022857666
      ],
      [
        0.20729097723960876,
        0.6105085611343384,
        1.948484182357788
      ],
      [
        -0.4039173722267151,
        0.5147632360458374,
        1.9005117416381836
      ],
      [
        -0.248635396361351,
        0.49783504009246826,
        2.3092916011810303
      ],
      [
        -1.1021440029144287,
        -0.4839121103286743,
        2.2578437328338623
      ],
      [
        -1.19857919216156,
        -1.037711262702942,
        2.0632667541503906
      ],
      [
        0.1986471265554428,
        -0.40998655557632446,
        2.2645950317382812
      ],
      [
        -0.9562368392944336,
        0.6403075456619263,
        2.0364983081817627
      ],
      [
        0.13208554685115814,
        0.8953216075897217,
        1.8598052263259888
      ],
      [
        -0.8115603923797607,
        0.5823993682861328,
        2.203677177429199
      ],
      [
        -0.22629322111606598,
        0.6094516515731812,
        1.9664356708526611
      ],
      [
        -0.32289543747901917,
        0.9552600383758545,
        2.0116336345672607
      ],
      [
        -0.943822979927063,
        0.9891763925552368,
        2.0347063541412354
      ],
      [
        -1.3667361736297607,
        -0.20986419916152954,
        2.169252634048462
      ],
      [
        -1.082334041595459,
        -0.26256799697875977,
        2.2329349517822266
      ],
      [
        -0.7146260738372803,
        0.5718837976455688,
        2.28647518157959
      ],
      [
        -1.3286787271499634,
        -0.8856928944587708,
        2.1106772422790527
      ],
      [
        -0.6946907043457031,
        0.6211424469947815,
        1.2859176397323608
      ],
      [
        -1.1123093366622925,
        0.0028554201126098633,
        2.255462169647217
      ],
      [
        0.6647413372993469,
        0.9424487352371216,
        1.9173855781555176
      ],
      [
        -0.718448281288147,
        0.5741214752197266,
        2.296891212463379
      ],
      [
        0.11803509294986725,
        -1.107945203781128,
        2.085601568222046
      ],
      [
        -0.5568980574607849,
        0.5777024030685425,
        2.1562840938568115
      ],
      [
        0.10348047316074371,
        0.49845099449157715,
        2.163181781768799
      ],
      [
        -1.301670789718628,
        -0.24053245782852173,
        2.2569398880004883
      ],
      [
        -0.8996074199676514,
        -0.24627411365509033,
        2.2372331619262695
      ],
      [
        -0.7417263388633728,
        -0.918190062046051,
        2.139329195022583
      ],
      [
        -0.808083713054657,
        -0.62254798412323,
        2.1293540000915527
      ],
      [
        -0.6474002599716187,
        0.6151685118675232,
        1.2219128608703613
      ],
      [
        -1.4634881019592285,
        0.3109426498413086,
        2.197483777999878
      ],
      [
        -0.6596508026123047,
        0.6359487771987915,
        1.9141162633895874
      ],
      [
        0.4982817471027374,
        0.8856052160263062,
        1.9028645753860474
      ],
      [
        -0.847977340221405,
        0.6426039338111877,
        1.419727087020874
      ],
      [
        0.13096487522125244,
        0.5245418548583984,
        1.9487413167953491
      ],
      [
        -0.8580471873283386,
        0.622334361076355,
        2.1610300540924072
      ],
      [
        -1.0847318172454834,
        -0.22340309619903564,
        2.198181629180908
      ],
      [
        -0.48499971628189087,
        0.514473557472229,
        2.221435546875
      ],
      [
        -0.5706265568733215,
        0.5762730836868286,
        2.2389304637908936
      ],
      [
        -0.846895158290863,
        0.6167721748352051,
        2.173600673675537
      ],
      [
        -0.23152022063732147,
        0.641166090965271,
        1.9637794494628906
      ],
      [
        1.2908897399902344,
        -0.013036072254180908,
        1.8332746028900146
      ],
      [
        0.3167417645454407,
        0.48575615882873535,
        2.059542655944824
      ],
      [
        1.2941755056381226,
        0.038300156593322754,
        1.846778392791748
      ],
      [
        -0.5466776490211487,
        0.6328057050704956,
        2.0967063903808594
      ],
      [
        0.5061731338500977,
        0.7361874580383301,
        1.9157487154006958
      ],
      [
        -1.3304752111434937,
        -0.8985011577606201,
        2.106017589569092
      ],
      [
        -0.38461247086524963,
        0.8029674291610718,
        1.595186710357666
      ],
      [
        -1.0200425386428833,
        0.00510859489440918,
        2.217033863067627
      ],
      [
        -0.6661809086799622,
        0.6411339044570923,
        1.9179259538650513
      ],
      [
        -0.2303941398859024,
        0.596105694770813,
        1.9929049015045166
      ],
      [
        -0.9540014266967773,
        -1.0122947692871094,
        2.09735107421875
      ],
      [
        -1.2388532161712646,
        -1.0273833274841309,
        2.046877384185791
      ],
      [
        -0.5460731983184814,
        0.6499224901199341,
        2.014864683151245
      ],
      [
        -1.3218820095062256,
        -0.918860137462616,
        2.0835282802581787
      ],
      [
        -1.3975539207458496,
        0.01255035400390625,
        2.240995407104492
      ],
      [
        -0.5410851240158081,
        0.6517419815063477,
        1.9867838621139526
      ],
      [
        -0.9945805668830872,
        -1.0328513383865356,
        2.0562429428100586
      ],
      [
        -0.2585050165653229,
        0.5811855792999268,
        2.183818817138672
      ],
      [
        -1.4050118923187256,
        -0.7597432136535645,
        2.213714122772217
      ],
      [
        -1.2783381938934326,
        0.08040153980255127,
        2.1734180450439453
      ],
      [
        0.08504877984523773,
        0.7867943644523621,
        1.8192694187164307
      ],
      [
        -0.5492933392524719,
        0.658455491065979,
        1.9322749376296997
      ]
    ],
    "dims_lhw": [
      [
        0.4340786635875702,
        0.1105329617857933,
        0.20503398776054382
      ],
      [
        0.7389332056045532,
        0.16368451714515686,
        0.12762780487537384
      ],
      [
        0.5228387117385864,
        0.10851788520812988,
        0.2800067365169525
      ],
      [
        0.08314962685108185,
        0.289991170167923,
        0.09249146282672882
      ],
      [
        0.2630159556865692,
        0.17002391815185547,
        0.06060872599482536
      ],
      [
        0.7541161179542542,
        0.1759830266237259,
        0.14273953437805176
      ],
      [
        0.5089521408081055,
        0.20308202505111694,
        0.3583865761756897
      ],
      [
        1.4106804132461548,
        0.8956001400947571,
        0.09016848355531693
      ],
      [
        0.1921008676290512,
        0.05500361695885658,
        0.11981654167175293
      ],
      [
        0.4278717637062073,
        0.3529469966888428,
        0.36876624822616577
      ],
      [
        0.16397297382354736,
        0.07925904542207718,
        0.11512936651706696
      ],
      [
        0.21649838984012604,
        0.059290625154972076,
        0.21205508708953857
      ],
      [
        1.4942981004714966,
        0.5707274675369263,
        0.5372915267944336
      ],
      [
        0.35948795080184937,
        0.30452725291252136,
        0.26867106556892395
      ],
      [
        0.06540866941213608,
        0.1735881119966507,
        0.09183074533939362
      ],
      [
        0.7745311260223389,
        1.33817458152771,
        0.2455599457025528
      ],
      [
        0.1905832290649414,
        0.11260120570659637,
        0.08596682548522949
      ],
      [
        0.245017409324646,
        0.12876953184604645,
        0.1770554780960083
      ],
      [
        0.9141629338264465,
        0.5662907361984253,
        0.8074579834938049
      ],
      [
        0.7539607882499695,
        0.17066124081611633,
        0.14008545875549316
      ],
      [
        0.09592592716217041,
        0.1800231635570526,
        0.23899057507514954
      ],
      [
        0.18141604959964752,
        0.11155954003334045,
        0.08273208886384964
      ],
      [
        2.131032943725586,
        0.04788973182439804,
        0.22182555496692657
      ],
      [
        0.10234182327985764,
        0.12348592281341553,
        0.08944575488567352
      ],
      [
        0.24424725770950317,
        0.09427596628665924,
        0.12167169153690338
      ],
      [
        0.3875846266746521,
        0.1907728612422943,
        0.11476659774780273
      ],
      [
        0.40883493423461914,
        0.1883181482553482,
        0.12577524781227112
      ],
      [
        0.1797461360692978,
        0.12024711817502975,
        0.17944709956645966
      ],
      [
        0.1295117437839508,
        0.03898531198501587,
        0.08190686255693436
      ],
      [
        1.1504751443862915,
        0.5890513062477112,
        0.8484736084938049
      ],
      [
        0.0762815773487091,
        0.03697826713323593,
        0.09807397425174713
      ],
      [
        0.042963843792676926,
        0.030213456600904465,
        0.1904727965593338
      ],
      [
        0.23504219949245453,
        0.1561664491891861,
        0.2665987014770508
      ],
      [
        0.6380416750907898,
        0.5675220489501953,
        0.6410707235336304
      ],
      [
        0.32014375925064087,
        0.07340564578771591,
        0.12261924892663956
      ],
      [
        0.1646653711795807,
        0.05687408521771431,
        0.09753525257110596
      ],
      [
        0.060717932879924774,
        0.14801514148712158,
        0.09136226773262024
      ],
      [
        0.09716982394456863,
        0.15973791480064392,
        0.0993204340338707
      ],
      [
        0.10372266173362732,
        0.12579870223999023,
        0.09962886571884155
      ],
      [
        0.17525158822536469,
        0.06118631735444069,
        0.10476861149072647
      ],
      [
        0.22969481348991394,
        0.029615648090839386,
        0.208462655544281
      ],
      [
        0.0809214636683464,
        1.7202746868133545,
        0.20960775017738342
      ],
      [
        0.06601700931787491,
        0.16281887888908386,
        0.1018931120634079
      ],
      [
        0.07803232967853546,
        1.7437975406646729,
        0.21599555015563965
      ],
      [
        0.12816791236400604,
        0.030935412272810936,
        0.08078708499670029
      ],
      [
        0.18367424607276917,
        0.07666622847318649,
        0.19923390448093414
      ],
      [
        0.23518504202365875,
        0.11887319386005402,
        0.19826216995716095
      ],
      [
        1.5905859470367432,
        0.594512939453125,
        0.8694603443145752
      ],
      [
        0.10062280297279358,
        0.14201584458351135,
        0.08965342491865158
      ],
      [
        0.03526671230792999,
        0.0278676375746727,
        0.1583026498556137
      ],
      [
        0.18973037600517273,
        0.04849374294281006,
        0.152401402592659
      ],
      [
        0.16212478280067444,
        0.09656450897455215,
        0.23013146221637726
      ],
      [
        0.4090914726257324,
        0.17273640632629395,
        0.3103162348270416
      ],
      [
        0.11443106830120087,
        0.027974408119916916,
        0.07890978455543518
      ],
      [
        0.24313759803771973,
        0.07496072351932526,
        0.19167247414588928
      ],
      [
        0.18637824058532715,
        0.17295654118061066,
        0.15330225229263306
      ],
      [
        0.10211877524852753,
        0.024615366011857986,
        0.07198550552129745
      ],
      [
        0.16630300879478455,
        0.13362842798233032,
        0.2606830298900604
      ],
      [
        0.1314769685268402,
        0.05575449764728546,
        0.10586488246917725
      ],
      [
        0.1466897875070572,
        0.0640159472823143,
        0.11376733332872391
      ],
      [
        0.05605708807706833,
        0.06834772229194641,
        0.08389198035001755
      ],
      [
        0.3364635407924652,
        0.14243796467781067,
        0.19801945984363556
      ],
      [
        0.05143013224005699,
        0.02447236143052578,
        0.07527730613946915
      ]
    ],
    "R_3x3": [
      [
        [
          0.998595118522644,
          0.0,
          0.05298886448144913
        ],
        [
          0.0,
          1.0,
          0.0
        ],
        [
          -0.05298886448144913,
          0.0,
          0.998595118522644
        ]
      ],
      [
        [
          0.9963350296020508,
          0.0,
          0.08553653955459595
        ],
        [
          0.0,
          1.0,
          0.0
        ],
        [
          -0.08553653955459595,
          0.0,
          0.9963350296020508
        ]
      ],
      [
        [
          0.9968363642692566,
          0.0,
          0.07948102802038193
        ],
        [
          0.0,
          1.0,
          0.0
        ],
        [
          -0.07948102802038193,
          0.0,
          0.9968363642692566
        ]
      ],
      [
        [
          0.9978688359260559,
          0.0,
          -0.06525156646966934
        ],
        [
          0.0,
          1.0,
          0.0
        ],
        [
          0.06525156646966934,
          0.0,
          0.9978688359260559
        ]
      ],
      [
        [
          0.9957433938980103,
          0.0,
          0.0921691283583641
        ],
        [
          0.0,
          1.0,
          0.0
        ],
        [
          -0.0921691283583641,
          0.0,
          0.9957433938980103
        ]
      ],
      [
        [
          0.9969634413719177,
          0.0,
          0.07787131518125534
        ],
        [
          0.0,
          1.0,
          0.0
        ],
        [
          -0.07787131518125534,
          0.0,
          0.9969634413719177
        ]
      ],
      [
        [
          0.9990746378898621,
          0.0,
          0.04300951212644577
        ],
        [
          0.0,
          1.0,
          0.0
        ],
        [
          -0.04300951212644577,
          0.0,
          0.9990746378898621
        ]
      ],
      [
        [
          0.997115433216095,
          0.0,
          0.07589972019195557
        ],
        [
          0.0,
          1.0,
          0.0
        ],
        [
          -0.07589972019195557,
          0.0,
          0.997115433216095
        ]
      ],
      [
        [
          0.9644951224327087,
          0.0,
          -0.26410073041915894
        ],
        [
          0.0,
          1.0,
          0.0
        ],
        [
          0.26410073041915894,
          0.0,
          0.9644951224327087
        ]
      ],
      [
        [
          0.9855782389640808,
          0.0,
          0.16922032833099365
        ],
        [
          0.0,
          1.0,
          0.0
        ],
        [
          -0.16922032833099365,
          0.0,
          0.9855782389640808
        ]
      ],
      [
        [
          0.9932409524917603,
          0.0,
          0.11607054620981216
        ],
        [
          0.0,
          1.0,
          0.0
        ],
        [
          -0.11607054620981216,
          0.0,
          0.9932409524917603
        ]
      ],
      [
        [
          0.9968825578689575,
          0.0,
          0.07889949530363083
        ],
        [
          0.0,
          1.0,
          0.0
        ],
        [
          -0.07889949530363083,
          0.0,
          0.9968825578689575
        ]
      ],
      [
        [
          0.9920893311500549,
          0.0,
          0.12553367018699646
        ],
        [
          0.0,
          1.0,
          0.0
        ],
        [
          -0.12553367018699646,
          0.0,
          0.9920893311500549
        ]
      ],
      [
        [
          0.9873186349868774,
          0.0,
          0.158750981092453
        ],
        [
          0.0,
          1.0,
          0.0
        ],
        [
          -0.158750981092453,
          0.0,
          0.9873186349868774
        ]
      ],
      [
        [
          0.9560459852218628,
          0.0,
          -0.293216735124588
        ],
        [
          0.0,
          1.0,
          0.0
        ],
        [
          0.293216735124588,
          0.0,
          0.9560459852218628
        ]
      ],
      [
        [
          0.9917503595352173,
          0.0,
          0.1281842291355133
        ],
        [
          0.0,
          1.0,
          0.0
        ],
        [
          -0.1281842291355133,
          0.0,
          0.9917503595352173
        ]
      ],
      [
        [
          0.9993194341659546,
          0.0,
          0.03688770905137062
        ],
        [
          0.0,
          1.0,
          0.0
        ],
        [
          -0.03688770905137062,
          0.0,
          0.9993194341659546
        ]
      ],
      [
        [
          0.9996742010116577,
          0.0,
          0.025523295626044273
        ],
        [
          0.0,
          1.0,
          0.0
        ],
        [
          -0.025523295626044273,
          0.0,
          0.9996742010116577
        ]
      ],
      [
        [
          0.9562268257141113,
          0.0,
          0.29262658953666687
        ],
        [
          0.0,
          1.0,
          0.0
        ],
        [
          -0.29262658953666687,
          0.0,
          0.9562268257141113
        ]
      ],
      [
        [
          0.9938969016075134,
          0.0,
          0.11031300574541092
        ],
        [
          0.0,
          1.0,
          0.0
        ],
        [
          -0.11031300574541092,
          0.0,
          0.9938969016075134
        ]
      ],
      [
        [
          0.9957384467124939,
          0.0,
          0.09222246706485748
        ],
        [
          0.0,
          1.0,
          0.0
        ],
        [
          -0.09222246706485748,
          0.0,
          0.9957384467124939
        ]
      ],
      [
        [
          0.9996941685676575,
          0.0,
          -0.024729928001761436
        ],
        [
          0.0,
          1.0,
          0.0
        ],
        [
          0.024729928001761436,
          0.0,
          0.9996941685676575
        ]
      ],
      [
        [
          0.9953235387802124,
          0.0,
          0.09659731388092041
        ],
        [
          0.0,
          1.0,
          0.0
        ],
        [
          -0.09659731388092041,
          0.0,
          0.9953235387802124
        ]
      ],
      [
        [
          0.9999600052833557,
          0.0,
          -0.00894513912498951
        ],
        [
          0.0,
          1.0,
          0.0
        ],
        [
          0.00894513912498951,
          0.0,
          0.9999600052833557
        ]
      ],
      [
        [
          0.9976922869682312,
          0.0,
          0.06789734214544296
        ],
        [
          0.0,
          1.0,
          0.0
        ],
        [
          -0.06789734214544296,
          0.0,
          0.9976922869682312
        ]
      ],
      [
        [
          0.9984327554702759,
          0.0,
          0.05596505478024483
        ],
        [
          0.0,
          1.0,
          0.0
        ],
        [
          -0.05596505478024483,
          0.0,
          0.9984327554702759
        ]
      ],
      [
        [
          0.9925799369812012,
          0.0,
          0.1215936467051506
        ],
        [
          0.0,
          1.0,
          0.0
        ],
        [
          -0.1215936467051506,
          0.0,
          0.9925799369812012
        ]
      ],
      [
        [
          0.9991993308067322,
          0.0,
          0.040008220821619034
        ],
        [
          0.0,
          1.0,
          0.0
        ],
        [
          -0.040008220821619034,
          0.0,
          0.9991993308067322
        ]
      ],
      [
        [
          0.9967910051345825,
          0.0,
          -0.08004795759916306
        ],
        [
          0.0,
          1.0,
          0.0
        ],
        [
          0.08004795759916306,
          0.0,
          0.9967910051345825
        ]
      ],
      [
        [
          0.9502395391464233,
          0.0,
          0.31152012944221497
        ],
        [
          0.0,
          1.0,
          0.0
        ],
        [
          -0.31152012944221497,
          0.0,
          0.9502395391464233
        ]
      ],
      [
        [
          0.9425925016403198,
          0.0,
          -0.33394524455070496
        ],
        [
          0.0,
          1.0,
          0.0
        ],
        [
          0.33394524455070496,
          0.0,
          0.9425925016403198
        ]
      ],
      [
        [
          0.9969607591629028,
          0.0,
          0.0779055804014206
        ],
        [
          0.0,
          1.0,
          0.0
        ],
        [
          -0.0779055804014206,
          0.0,
          0.9969607591629028
        ]
      ],
      [
        [
          0.9904869198799133,
          0.0,
          0.13760679960250854
        ],
        [
          0.0,
          1.0,
          0.0
        ],
        [
          -0.13760679960250854,
          0.0,
          0.9904869198799133
        ]
      ],
      [
        [
          0.9500283002853394,
          0.0,
          0.3121638298034668
        ],
        [
          0.0,
          1.0,
          0.0
        ],
        [
          -0.3121638298034668,
          0.0,
          0.9500283002853394
        ]
      ],
      [
        [
          0.9956960678100586,
          0.0,
          0.09267843514680862
        ],
        [
          0.0,
          1.0,
          0.0
        ],
        [
          -0.09267843514680862,
          0.0,
          0.9956960678100586
        ]
      ],
      [
        [
          0.9989106059074402,
          0.0,
          0.04666491225361824
        ],
        [
          0.0,
          1.0,
          0.0
        ],
        [
          -0.04666491225361824,
          0.0,
          0.9989106059074402
        ]
      ],
      [
        [
          0.9725369811058044,
          0.0,
          -0.232748344540596
        ],
        [
          0.0,
          1.0,
          0.0
        ],
        [
          0.232748344540596,
          0.0,
          0.9725369811058044
        ]
      ],
      [
        [
          0.9997157454490662,
          0.0,
          -0.023841120302677155
        ],
        [
          0.0,
          1.0,
          0.0
        ],
        [
          0.023841120302677155,
          0.0,
          0.9997157454490662
        ]
      ],
      [
        [
          0.9997866749763489,
          0.0,
          0.020654547959566116
        ],
        [
          0.0,
          1.0,
          0.0
        ],
        [
          -0.020654547959566116,
          0.0,
          0.9997866749763489
        ]
      ],
      [
        [
          0.9977218508720398,
          0.0,
          0.06746207177639008
        ],
        [
          0.0,
          1.0,
          0.0
        ],
        [
          -0.06746207177639008,
          0.0,
          0.9977218508720398
        ]
      ],
      [
        [
          0.9987621307373047,
          0.0,
          0.04974082112312317
        ],
        [
          0.0,
          1.0,
          0.0
        ],
        [
          -0.04974082112312317,
          0.0,
          0.9987621307373047
        ]
      ],
      [
        [
          0.9728863835334778,
          0.0,
          0.23128366470336914
        ],
        [
          0.0,
          1.0,
          0.0
        ],
        [
          -0.23128366470336914,
          0.0,
          0.9728863835334778
        ]
      ],
      [
        [
          0.9883935451507568,
          0.0,
          0.1519152969121933
        ],
        [
          0.0,
          1.0,
          0.0
        ],
        [
          -0.1519152969121933,
          0.0,
          0.9883935451507568
        ]
      ],
      [
        [
          0.9738426804542542,
          0.0,
          0.2272232174873352
        ],
        [
          0.0,
          1.0,
          0.0
        ],
        [
          -0.2272232174873352,
          0.0,
          0.9738426804542542
        ]
      ],
      [
        [
          0.9849236607551575,
          0.0,
          0.17298944294452667
        ],
        [
          0.0,
          1.0,
          0.0
        ],
        [
          -0.17298944294452667,
          0.0,
          0.9849236607551575
        ]
      ],
      [
        [
          0.993896484375,
          0.0,
          0.11031649261713028
        ],
        [
          0.0,
          1.0,
          0.0
        ],
        [
          -0.11031649261713028,
          0.0,
          0.993896484375
        ]
      ],
      [
        [
          0.9998024106025696,
          0.0,
          -0.019877884536981583
        ],
        [
          0.0,
          1.0,
          0.0
        ],
        [
          0.019877884536981583,
          0.0,
          0.9998024106025696
        ]
      ],
      [
        [
          0.9798459410667419,
          0.0,
          0.19975480437278748
        ],
        [
          0.0,
          1.0,
          0.0
        ],
        [
          -0.19975480437278748,
          0.0,
          0.9798459410667419
        ]
      ],
      [
        [
          0.9887669086456299,
          0.0,
          -0.14946575462818146
        ],
        [
          0.0,
          1.0,
          0.0
        ],
        [
          0.14946575462818146,
          0.0,
          0.9887669086456299
        ]
      ],
      [
        [
          0.9999575614929199,
          0.0,
          -0.009212305769324303
        ],
        [
          0.0,
          1.0,
          0.0
        ],
        [
          0.009212305769324303,
          0.0,
          0.9999575614929199
        ]
      ],
      [
        [
          0.9989487528800964,
          0.0,
          0.045840971171855927
        ],
        [
          0.0,
          1.0,
          0.0
        ],
        [
          -0.045840971171855927,
          0.0,
          0.9989487528800964
        ]
      ],
      [
        [
          0.9986196756362915,
          0.0,
          0.05252428725361824
        ],
        [
          0.0,
          1.0,
          0.0
        ],
        [
          -0.05252428725361824,
          0.0,
          0.9986196756362915
        ]
      ],
      [
        [
          0.9993816018104553,
          0.0,
          0.035161882638931274
        ],
        [
