{
  "source_image": "teste/17.jpeg",
  "timestamp": null,
  "video_id": null,
  "image_size_hw": [
    1200,
    1600
  ],
  "detections": [
    {
      "bbox_xyxy": [
        424.36529541015625,
        361.96539306640625,
        724.3554077148438,
        749.8703002929688
      ],
      "score": 0.6846103072166443,
      "class_id": 1
    },
    {
      "bbox_xyxy": [
        162.5341796875,
        952.8463134765625,
        1297.037841796875,
        1197.9881591796875
      ],
      "score": 0.6498807668685913,
      "class_id": 1
    },
    {
      "bbox_xyxy": [
        515.2860717773438,
        138.677734375,
        671.5632934570312,
        323.6139831542969
      ],
      "score": 0.6461866497993469,
      "class_id": 1
    },
    {
      "bbox_xyxy": [
        56.650634765625,
        345.7056884765625,
        378.80670166015625,
        750.54248046875
      ],
      "score": 0.5894457101821899,
      "class_id": 1
    },
    {
      "bbox_xyxy": [
        843.3143310546875,
        163.871826171875,
        1059.8280029296875,
        328.9131774902344
      ],
      "score": 0.5724397897720337,
      "class_id": 1
    },
    {
      "bbox_xyxy": [
        1281.863037109375,
        135.59190368652344,
        1577.16796875,
        626.9774169921875
      ],
      "score": 0.46020159125328064,
      "class_id": 1
    },
    {
      "bbox_xyxy": [
        1276.2957763671875,
        139.21435546875,
        1586.5924072265625,
        1200.0
      ],
      "score": 0.4103948175907135,
      "class_id": 1
    },
    {
      "bbox_xyxy": [
        0.117431640625,
        0.0,
        1599.925537109375,
        149.39892578125
      ],
      "score": 0.39056405425071716,
      "class_id": 1
    },
    {
      "bbox_xyxy": [
        1278.4385986328125,
        140.51708984375,
        1582.4925537109375,
        1200.0
      ],
      "score": 0.3730495274066925,
      "class_id": 1
    }
  ],
  "boxes_3d": {
    "gravity_center_xyz": [
      [
        -0.3911815285682678,
        -0.07415837049484253,
        1.938671588897705
      ],
      [
        -0.0968187153339386,
        0.7741890549659729,
        1.579730749130249
      ],
      [
        -0.362431138753891,
        -0.6501544713973999,
        1.9486379623413086
      ],
      [
        -0.9645271301269531,
        -0.08794999122619629,
        1.862407922744751
      ],
      [
        0.26724663376808167,
        -0.6349916458129883,
        1.9762779474258423
      ],
      [
        1.10984468460083,
        -0.3612523078918457,
        1.8750128746032715
      ],
      [
        1.15469229221344,
        0.12553536891937256,
        1.908512830734253
      ],
      [
        0.0896248146891594,
        -0.9827113747596741,
        1.960964322090149
      ],
      [
        1.148010015487671,
        0.12086856365203857,
        1.8970043659210205
      ]
    ],
    "dims_lhw": [
      [
        0.4724885821342468,
        0.6384636163711548,
        0.10243392735719681
      ],
      [
        1.2899794578552246,
        0.30547529458999634,
        0.5614451766014099
      ],
      [
        0.2508799433708191,
        0.3005942106246948,
        0.09531021118164062
      ],
      [
        0.41462916135787964,
        0.6200550198554993,
        0.10699696838855743
      ],
      [
        0.3785729706287384,
        0.2725869119167328,
        0.08743328601121902
      ],
      [
        0.4992656409740448,
        0.7420956492424011,
        0.13421358168125153
      ],
      [
        0.5161610245704651,
        1.4411793947219849,
        0.1391751766204834
      ],
      [
        2.4200832843780518,
        0.08914785832166672,
        0.14535242319107056
      ],
      [
        0.5180754065513611,
        1.5597219467163086,
        0.1431540697813034
      ]
    ],
    "R_3x3": [
      [
        [
          0.994211733341217,
          0.0,
          -0.10743850469589233
        ],
        [
          0.0,
          1.0,
          0.0
        ],
        [
          0.10743850469589233,
          0.0,
          0.994211733341217
        ]
      ],
      [
        [
          0.9963926076889038,
          0.0,
          -0.08486321568489075
        ],
        [
          0.0,
          1.0,
          0.0
        ],
        [
          0.08486321568489075,
          0.0,
          0.9963926076889038
        ]
      ],
      [
        [
          0.9946898818016052,
          0.0,
          -0.10291744023561478
        ],
        [
          0.0,
          1.0,
          0.0
        ],
        [
          0.10291744023561478,
          0.0,
          0.9946898818016052
        ]
      ],
      [
        [
          0.9794489145278931,
          0.0,
          -0.20169231295585632
        ],
        [
          0.0,
          1.0,
          0.0
        ],
        [
          0.20169231295585632,
          0.0,
          0.9794489145278931
        ]
      ],
      [
        [
          0.9997971057891846,
          0.0,
          -0.020142145454883575
        ],
        [
          0.0,
          1.0,
          0.0
        ],
        [
          0.020142145454883575,
          0.0,
          0.9997971057891846
        ]
      ],
      [
        [
          0.9991797804832458,
          0.0,
          0.040493566542863846
        ],
        [
          0.0,
          1.0,
          0.0
        ],
        [
          -0.040493566542863846,
          0.0,
          0.9991797804832458
        ]
      ],
      [
        [
          0.9987601041793823,
          0.0,
          -0.049781978130340576
        ],
        [
          0.0,
          1.0,
          0.0
        ],
        [
          0.049781978130340576,
          0.0,
          0.9987601041793823
        ]
      ],
      [
        [
          0.9962404370307922,
          0.0,
          -0.0866314247250557
        ],
        [
          0.0,
          1.0,
          0.0
        ],
        [
          0.0866314247250557,
          0.0,
          0.9962404370307922
        ]
      ],
      [
        [
          0.9989235401153564,
          0.0,
          -0.046386830508708954
        ],
        [
          0.0,
          1.0,
          0.0
        ],
        [
          0.046386830508708954,
          0.0,
          0.9989235401153564
        ]
      ]
    ]
  }
}