{
  "source_image": "teste/18.jpeg",
  "timestamp": null,
  "video_id": null,
  "image_size_hw": [
    1200,
    1600
  ],
  "detections": [
    {
      "bbox_xyxy": [
        263.3800048828125,
        968.831787109375,
        839.4853515625,
        1199.546630859375
      ],
      "score": 0.8436868786811829,
      "class_id": 1
    },
    {
      "bbox_xyxy": [
        353.32745361328125,
        266.9052734375,
        616.04150390625,
        791.370361328125
      ],
      "score": 0.6520254015922546,
      "class_id": 1
    },
    {
      "bbox_xyxy": [
        1167.073974609375,
        177.10690307617188,
        1349.515625,
        393.6314392089844
      ],
      "score": 0.6436616778373718,
      "class_id": 1
    },
    {
      "bbox_xyxy": [
        1115.1573486328125,
        410.3843994140625,
        1466.4903564453125,
        827.9456787109375
      ],
      "score": 0.6093505620956421,
      "class_id": 1
    },
    {
      "bbox_xyxy": [
        828.4698486328125,
        465.7850341796875,
        1083.4327392578125,
        832.400634765625
      ],
      "score": 0.5294244289398193,
      "class_id": 1
    },
    {
      "bbox_xyxy": [
        296.00653076171875,
        1086.7169189453125,
        828.7182006835938,
        1199.3231201171875
      ],
      "score": 0.458941787481308,
      "class_id": 1
    },
    {
      "bbox_xyxy": [
        631.5556640625,
        0.0,
        1579.74658203125,
        308.409912109375
      ],
      "score": 0.3996937572956085,
      "class_id": 1
    },
    {
      "bbox_xyxy": [
        356.5554504394531,
        0.0,
        1311.678955078125,
        208.6617889404297
      ],
      "score": 0.34416478872299194,
      "class_id": 1
    },
    {
      "bbox_xyxy": [
        1551.01123046875,
        110.89264678955078,
        1600.0,
        314.60467529296875
      ],
      "score": 0.2983574867248535,
      "class_id": 1
    },
    {
      "bbox_xyxy": [
        185.91943359375,
        975.4725341796875,
        1536.4853515625,
        1197.7481689453125
      ],
      "score": 0.25863462686538696,
      "class_id": 1
    },
    {
      "bbox_xyxy": [
        0.03076171875,
        0.0,
        325.0679626464844,
        1200.0
      ],
      "score": 0.25374138355255127,
      "class_id": 1
    }
  ],
  "boxes_3d": {
    "gravity_center_xyz": [
      [
        -0.32915598154067993,
        0.6931821703910828,
        1.607745885848999
      ],
      [
        -0.4804317057132721,
        -0.08845490217208862,
        1.7886559963226318
      ],
      [
        0.7465440630912781,
        -0.5167093873023987,
        1.825574517250061
      ],
      [
        0.7707363963127136,
        0.031246066093444824,
        1.7957053184509277
      ],
      [
        0.2628351151943207,
        0.08145642280578613,
        1.9614142179489136
      ],
      [
        -0.32084694504737854,
        0.8255280256271362,
        1.5959980487823486
      ],
      [
        0.4459976851940155,
        -0.8092195987701416,
        1.9896049499511719
      ],
      [
        0.06039514020085335,
        -0.9750981330871582,
        1.820183277130127
      ],
      [
        1.1486448049545288,
        -0.567097544670105,
        1.6081026792526245
      ],
      [
        0.13703331351280212,
        0.8198580145835876,
        1.4405720233917236
      ],
      [
        -0.8303452134132385,
        -0.10212546586990356,
        1.3151170015335083
      ]
    ],
    "dims_lhw": [
      [
        0.44950541853904724,
        0.22172680497169495,
        0.6972672343254089
      ],
      [
        0.04141080752015114,
        0.6827002763748169,
        0.5244872570037842
      ],
      [
        0.2666120231151581,
        0.3137250244617462,
        0.09923414140939713
      ],
      [
        0.4645817279815674,
        0.6080746054649353,
        0.1060764268040657
      ],
      [
        0.37516888976097107,
        0.6080514192581177,
        0.1082855686545372
      ],
      [
        0.3951474726200104,
        0.08809252083301544,
        0.5376275777816772
      ],
      [
        1.3060394525527954,
        0.1364242136478424,
        0.10724042356014252
      ],
      [
        1.1515206098556519,
        0.06807897239923477,
        0.7460136413574219
      ],
      [
        0.08557199686765671,
        0.25919315218925476,
        0.12166104465723038
      ],
      [
        1.3257014751434326,
        0.3728257119655609,
        0.9254122376441956
      ],
      [
        0.17655833065509796,
        1.4517738819122314,
        0.19040623307228088
      ]
    ],
    "R_3x3": [
      [
        [
          0.8238549828529358,
          0.0,
          0.5668006539344788
        ],
        [
          0.0,
          1.0,
          0.0
        ],
        [
          -0.5668006539344788,
          0.0,
          0.8238549828529358
        ]
      ],
      [
        [
          0.8597968220710754,
          0.0,
          0.5106362700462341
        ],
        [
          0.0,
          1.0,
          0.0
        ],
        [
          -0.5106362700462341,
          0.0,
          0.8597968220710754
        ]
      ],
      [
        [
          0.9065845012664795,
          0.0,
          0.42202433943748474
        ],
        [
          0.0,
          1.0,
          0.0
        ],
        [
          -0.42202433943748474,
          0.0,
          0.9065845012664795
        ]
      ],
      [
        [
          0.8915466070175171,
          0.0,
          0.45292893052101135
        ],
        [
          0.0,
          1.0,
          0.0
        ],
        [
          -0.45292893052101135,
          0.0,
          0.8915466070175171
        ]
      ],
      [
        [
          0.8992860913276672,
          0.0,
          0.43736085295677185
        ],
        [
          0.0,
          1.0,
          0.0
        ],
        [
          -0.43736085295677185,
          0.0,
          0.8992860913276672
        ]
      ],
      [
        [
          0.8070643544197083,
          0.0,
          0.5904635190963745
        ],
        [
          0.0,
          1.0,
          0.0
        ],
        [
          -0.5904635190963745,
          0.0,
          0.8070643544197083
        ]
      ],
      [
        [
          0.878074586391449,
          0.0,
          0.47852376103401184
        ],
        [
          0.0,
          1.0,
          0.0
        ],
        [
          -0.47852376103401184,
          0.0,
          0.878074586391449
        ]
      ],
      [
        [
          0.8676792979240417,
          0.0,
          0.49712440371513367
        ],
        [
          0.0,
          1.0,
          0.0
        ],
        [
          -0.49712440371513367,
          0.0,
          0.8676792979240417
        ]
      ],
      [
        [
          0.9451216459274292,
          0.0,
          0.32671865820884705
        ],
        [
          0.0,
          1.0,
          0.0
        ],
        [
          -0.32671865820884705,
          0.0,
          0.9451216459274292
        ]
      ],
      [
        [
          0.8847647905349731,
          0.0,
          0.46603789925575256
        ],
        [
          0.0,
          1.0,
          0.0
        ],
        [
          -0.46603789925575256,
          0.0,
          0.8847647905349731
        ]
      ],
      [
        [
          0.9059250354766846,
          0.0,
          0.4234381318092346
        ],
        [
          0.0,
          1.0,
          0.0
        ],
        [
          -0.4234381318092346,
          0.0,
          0.9059250354766846
        ]
      ]
    ]
  }
}