{
  "source_image": "teste/19.jpeg",
  "timestamp": null,
  "video_id": null,
  "image_size_hw": [
    800,
    1600
  ],
  "detections": [
    {
      "bbox_xyxy": [
        1174.6898193359375,
        118.0330810546875,
        1323.8526611328125,
        176.24490356445312
      ],
      "score": 0.508224606513977,
      "class_id": 1,
      "label": "a black television screen with a white background",
      "category": "lamp ceiling light",
      "category_score": 0.329938679933548
    },
    {
      "bbox_xyxy": [
        251.9652099609375,
        609.0919189453125,
        407.2958984375,
        709.77392578125
      ],
      "score": 0.3679444491863251,
      "class_id": 1,
      "label": "a white toilet",
      "category": "stool mattress blanket",
      "category_score": 0.33310192823410034
    },
    {
      "bbox_xyxy": [
        272.29974365234375,
        350.99078369140625,
        519.6595458984375,
        542.7742919921875
      ],
      "score": 0.32402166724205017,
      "class_id": 1,
      "label": "a painting on the wall",
      "category": "picture frame painting poster",
      "category_score": 0.5868844985961914
    },
    {
      "bbox_xyxy": [
        832.2244873046875,
        483.853271484375,
        1502.6229248046875,
        769.2803955078125
      ],
      "score": 0.30906662344932556,
      "class_id": 1,
      "label": "a mirror in the room",
      "category": "desk",
      "category_score": 0.309151291847229
    },
    {
      "bbox_xyxy": [
        864.436279296875,
        476.89312744140625,
        1226.541259765625,
        727.6199340820312
      ],
      "score": 0.2861243784427643,
      "class_id": 1,
      "label": "a black table",
      "category": "desk",
      "category_score": 0.35829994082450867
    },
    {
      "bbox_xyxy": [
        841.405517578125,
        498.27197265625,
        1215.798095703125,
        760.9088134765625
      ],
      "score": 0.28398847579956055,
      "class_id": 1,
      "label": "a mirror ball on a table",
      "category": "desk",
      "category_score": 0.35829994082450867
    },
    {
      "bbox_xyxy": [
        0.1678466796875,
        162.0179443359375,
        671.6210327148438,
        775.8172607421875
      ],
      "score": 0.2754347324371338,
      "class_id": 1,
      "label": "a room with a painting on the wall",
      "category": null,
      "category_score": null
    },
    {
      "bbox_xyxy": [
        975.3748779296875,
        463.8118896484375,
        1014.1148681640625,
        523.305419921875
      ],
      "score": 0.2727176249027252,
      "class_id": 1,
      "label": "a blue vase sitting on top of a table",
      "category": "bottle",
      "category_score": 0.4532822370529175
    },
    {
      "bbox_xyxy": [
        0.5478515625,
        9.231109619140625,
        1548.881103515625,
        157.10037231445312
      ],
      "score": 0.26369020342826843,
      "class_id": 1,
      "label": "a woman in a black dress is standing in front of a mirror",
      "category": null,
      "category_score": null
    },
    {
      "bbox_xyxy": [
        0.6754150390625,
        169.9378662109375,
        653.6063232421875,
        702.2098388671875
      ],
      "score": 0.2568972408771515,
      "class_id": 1,
      "label": "a picture of a room with a painting on the wall",
      "category": null,
      "category_score": null
    }
  ],
  "boxes_3d": {
    "gravity_center_xyz": [
      [
        0.8459380865097046,
        -0.8594622611999512,
        2.1263508796691895
      ],
      [
        -0.567153811454773,
        0.06836390495300293,
        1.3283989429473877
      ],
      [
        -1.005354404449463,
        -0.3851560354232788,
        2.7713451385498047
      ],
      [
        0.4826764166355133,
        0.08564162254333496,
        1.7394245862960815
      ],
      [
        0.32485702633857727,
        -0.021798670291900635,
        1.6604955196380615
      ],
      [
        0.4592329263687134,
        0.06857645511627197,
        2.5395188331604004
      ],
      [
        -0.6013587117195129,
        -0.16843342781066895,
        1.4038335084915161
      ],
      [
        0.5261080265045166,
        -0.28809499740600586,
        3.0398402214050293
      ],
      [
        0.0654233768582344,
        -0.7112185955047607,
        1.4502794742584229
      ],
      [
        -0.6284245848655701,
        -0.22235935926437378,
        1.464637279510498
      ]
    ],
    "dims_lhw": [
      [
        0.27612772583961487,
        0.08572007715702057,
        0.3402177393436432
      ],
      [
        0.12813787162303925,
        0.07840345054864883,
        0.2997576594352722
      ],
      [
        0.6427403688430786,
        0.5543304085731506,
        0.7476168870925903
      ],
      [
        0.7031804323196411,
        0.46612977981567383,
        0.7334683537483215
      ],
      [
        0.37199702858924866,
        0.2979767322540283,
        0.6294561624526978
      ],
      [
        0.5804345607757568,
        0.6152947545051575,
        0.7852225303649902
      ],
      [
        0.7974328398704529,
        0.839184582233429,
        0.38748273253440857
      ],
      [
        0.09791257232427597,
        0.19055265188217163,
        0.6878979206085205
      ],
      [
        2.3594212532043457,
        0.11710520088672638,
        0.46309682726860046
      ],
      [
        0.7821001410484314,
        0.7071641087532043,
        0.3995305299758911
      ]
    ],
    "R_3x3": [
      [
        [
          0.9859259128570557,
          0.0,
          0.16718268394470215
        ],
        [
          0.0,
          1.0,
          0.0
        ],
        [
          -0.16718268394470215,
          0.0,
          0.9859259128570557
        ]
      ],
      [
        [
          0.9548731446266174,
          0.0,
          -0.2970138490200043
        ],
        [
          0.0,
          1.0,
          0.0
        ],
        [
          0.2970138490200043,
          0.0,
          0.9548731446266174
        ]
      ],
      [
        [
          0.988355815410614,
          0.0,
          -0.1521604210138321
        ],
        [
          0.0,
          1.0,
          0.0
        ],
        [
          0.1521604210138321,
          0.0,
          0.988355815410614
        ]
      ],
      [
        [
          0.9999992847442627,
          0.0,
          -0.0011729609686881304
        ],
        [
          0.0,
          1.0,
          0.0
        ],
        [
          0.0011729609686881304,
          0.0,
          0.9999992847442627
        ]
      ],
      [
        [
          0.9988037943840027,
          0.0,
          0.04889819771051407
        ],
        [
          0.0,
          1.0,
          0.0
        ],
        [
          -0.04889819771051407,
          0.0,
          0.9988037943840027
        ]
      ],
      [
        [
          0.9971436262130737,
          0.0,
          0.07552890479564667
        ],
        [
          0.0,
          1.0,
          0.0
        ],
        [
          -0.07552890479564667,
          0.0,
          0.9971436262130737
        ]
      ],
      [
        [
          0.9646636247634888,
          0.0,
          -0.26348450779914856
        ],
        [
          0.0,
          1.0,
          0.0
        ],
        [
          0.26348450779914856,
          0.0,
          0.9646636247634888
        ]
      ],
      [
        [
          0.9923469424247742,
          0.0,
          0.12348101288080215
        ],
        [
          0.0,
          1.0,
          0.0
        ],
        [
          -0.12348101288080215,
          0.0,
          0.9923469424247742
        ]
      ],
      [
        [
          0.9918389916419983,
          0.0,
          -0.1274966448545456
        ],
        [
          0.0,
          1.0,
          0.0
        ],
        [
          0.1274966448545456,
          0.0,
          0.9918389916419983
        ]
      ],
      [
        [
          0.9698760509490967,
          0.0,
          -0.24359899759292603
        ],
        [
          0.0,
          1.0,
          0.0
        ],
        [
          0.24359899759292603,
          0.0,
          0.9698760509490967
        ]
      ]
    ]
  }
}