{
  "source_image": "teste/1.jpeg",
  "timestamp": null,
  "video_id": null,
  "image_size_hw": [
    768,
    1024
  ],
  "detections": [
    {
      "bbox_xyxy": [
        13.53912353515625,
        550.1063232421875,
        331.39202880859375,
        765.6373291015625
      ],
      "score": 0.7858429551124573,
      "class_id": 1
    },
    {
      "bbox_xyxy": [
        68.84744262695312,
        230.738037109375,
        259.8093566894531,
        518.9288330078125
      ],
      "score": 0.7174056768417358,
      "class_id": 1
    },
    {
      "bbox_xyxy": [
        13.7779541015625,
        670.3942260742188,
        364.0032958984375,
        766.0559692382812
      ],
      "score": 0.7076331973075867,
      "class_id": 1
    },
    {
      "bbox_xyxy": [
        747.908203125,
        142.30282592773438,
        919.5135498046875,
        276.39349365234375
      ],
      "score": 0.7017309069633484,
      "class_id": 1
    },
    {
      "bbox_xyxy": [
        560.1007690429688,
        193.55532836914062,
        643.5689086914062,
        310.0555725097656
      ],
      "score": 0.6957676410675049,
      "class_id": 1
    },
    {
      "bbox_xyxy": [
        521.5043334960938,
        325.635986328125,
        686.4109497070312,
        564.2164916992188
      ],
      "score": 0.6942267417907715,
      "class_id": 1
    },
    {
      "bbox_xyxy": [
        743.1898193359375,
        294.10040283203125,
        973.65380859375,
        581.0696411132812
      ],
      "score": 0.5949193835258484,
      "class_id": 1
    },
    {
      "bbox_xyxy": [
        374.90130615234375,
        347.39471435546875,
        503.10308837890625,
        555.4734497070312
      ],
      "score": 0.5929818153381348,
      "class_id": 1
    },
    {
      "bbox_xyxy": [
        325.4858093261719,
        723.1864013671875,
        388.2005310058594,
        745.7108154296875
      ],
      "score": 0.5673627257347107,
      "class_id": 1
    },
    {
      "bbox_xyxy": [
        0.0,
        0.0,
        927.7471313476562,
        186.99761962890625
      ],
      "score": 0.4724648594856262,
      "class_id": 1
    },
    {
      "bbox_xyxy": [
        297.39404296875,
        0.0,
        1023.9979248046875,
        245.7967071533203
      ],
      "score": 0.3570925295352936,
      "class_id": 1
    },
    {
      "bbox_xyxy": [
        240.638916015625,
        681.8965454101562,
        990.7725830078125,
        766.3457641601562
      ],
      "score": 0.34204915165901184,
      "class_id": 1
    }
  ],
  "boxes_3d": {
    "gravity_center_xyz": [
      [
        -0.7076114416122437,
        0.5516023635864258,
        2.1804215908050537
      ],
      [
        -0.8207674622535706,
        -0.007723987102508545,
        2.4489946365356445
      ],
      [
        -0.6495308876037598,
        0.7110233306884766,
        2.097105026245117
      ],
      [
        0.6680848598480225,
        -0.36335474252700806,
        2.1387217044830322
      ],
      [
        0.208288311958313,
        -0.31134873628616333,
        2.3992600440979004
      ],
      [
        0.20058321952819824,
        0.13504600524902344,
        2.3176915645599365
      ],
      [
        0.6763858795166016,
        0.10343390703201294,
        2.0360727310180664
      ],
      [
        -0.19729185104370117,
        0.16635394096374512,
        2.586580991744995
      ],
      [
        -0.350063681602478,
        0.7853401899337769,
        2.274571180343628
      ],
      [
        -0.17464160919189453,
        -0.7626505494117737,
        2.0337347984313965
      ],
      [
        0.18429982662200928,
        -0.5908124446868896,
        2.4697155952453613
      ],
      [
        0.17496800422668457,
        0.7179808616638184,
        1.8336830139160156
      ]
    ],
    "dims_lhw": [
      [
        0.7138803601264954,
        0.40785661339759827,
        0.3245450556278229
      ],
      [
        0.5214425921440125,
        0.753487229347229,
        0.06541937589645386
      ],
      [
        0.7057847380638123,
        0.10933279991149902,
        0.4047318398952484
      ],
      [
        0.39931848645210266,
        0.283224880695343,
        0.08301243185997009
      ],
      [
        0.24510639905929565,
        0.31093379855155945,
        0.06869367510080338
      ],
      [
        0.4480364918708801,
        0.6375624537467957,
        0.08445734530687332
      ],
      [
        0.46457526087760925,
        0.6380045413970947,
        0.09716587513685226
      ],
      [
        0.42663583159446716,
        0.6309717297554016,
        0.0783144012093544
      ],
      [
        0.14902235567569733,
        0.03743412345647812,
        0.11667173355817795
      ],
      [
        1.9611775875091553,
        0.06807032972574234,
        1.1494669914245605
      ],
      [
        2.208320379257202,
        0.10096263885498047,
        0.11066972464323044
      ],
      [
        1.340323805809021,
        0.21222123503684998,
        0.7040113210678101
      ]
    ],
    "R_3x3": [
      [
        [
          0.6021651029586792,
          0.0,
          -0.7983716130256653
        ],
        [
          0.0,
          1.0,
          0.0
        ],
        [
          0.7983716130256653,
          0.0,
          0.6021651029586792
        ]
      ],
      [
        [
          0.5748993158340454,
          0.0,
          -0.8182241320610046
        ],
        [
          0.0,
          1.0,
          0.0
        ],
        [
          0.8182241320610046,
          0.0,
          0.5748993158340454
        ]
      ],
      [
        [
          0.5693072080612183,
          0.0,
          -0.8221248984336853
        ],
        [
          0.0,
          1.0,
          0.0
        ],
        [
          0.8221248984336853,
          0.0,
          0.5693072080612183
        ]
      ],
      [
        [
          0.8515759110450745,
          0.0,
          0.5242313742637634
        ],
        [
          0.0,
          1.0,
          0.0
        ],
        [
          -0.5242313742637634,
          0.0,
          0.8515759110450745
        ]
      ],
      [
        [
          0.8686001896858215,
          0.0,
          0.49551358819007874
        ],
        [
          0.0,
          1.0,
          0.0
        ],
        [
          -0.49551358819007874,
          0.0,
          0.8686001896858215
        ]
      ],
      [
        [
          0.8718904256820679,
          0.0,
          0.4897010326385498
        ],
        [
          0.0,
          1.0,
          0.0
        ],
        [
          -0.4897010326385498,
          0.0,
          0.8718904256820679
        ]
      ],
      [
        [
          0.8651750087738037,
          0.0,
          0.5014700889587402
        ],
        [
          0.0,
          1.0,
          0.0
        ],
        [
          -0.5014700889587402,
          0.0,
          0.8651750087738037
        ]
      ],
      [
        [
          0.8703013062477112,
          0.0,
          0.492519736289978
        ],
        [
          0.0,
          1.0,
          0.0
        ],
        [
          -0.492519736289978,
          0.0,
          0.8703013062477112
        ]
      ],
      [
        [
          0.9356623291969299,
          0.0,
          -0.3528966009616852
        ],
        [
          0.0,
          1.0,
          0.0
        ],
        [
          0.3528966009616852,
          0.0,
          0.9356623291969299
        ]
      ],
      [
        [
          0.8396609425544739,
          0.0,
          0.5431109666824341
        ],
        [
          0.0,
          1.0,
          0.0
        ],
        [
          -0.5431109666824341,
          0.0,
          0.8396609425544739
        ]
      ],
      [
        [
          0.8467892408370972,
          0.0,
          0.531928539276123
        ],
        [
          0.0,
          1.0,
          0.0
        ],
        [
          -0.531928539276123,
          0.0,
          0.8467892408370972
        ]
      ],
      [
        [
          0.8589887022972107,
          0.0,
          0.5119945406913757
        ],
        [
          0.0,
          1.0,
          0.0
        ],
        [
          -0.5119945406913757,
          0.0,
          0.8589887022972107
        ]
      ]
    ]
  }
}