{
  "source_image": "teste/20.png",
  "timestamp": null,
  "video_id": null,
  "image_size_hw": [
    960,
    1280
  ],
  "detections": [
    {
      "bbox_xyxy": [
        87.75070190429688,
        242.76553344726562,
        287.16162109375,
        472.8895568847656
      ],
      "score": 0.7223665118217468,
      "class_id": 1
    },
    {
      "bbox_xyxy": [
        296.6470031738281,
        679.9848022460938,
        416.0509338378906,
        814.5657348632812
      ],
      "score": 0.718828558921814,
      "class_id": 1
    },
    {
      "bbox_xyxy": [
        417.8581237792969,
        688.5464477539062,
        502.8211975097656,
        789.9164428710938
      ],
      "score": 0.6711578965187073,
      "class_id": 1
    },
    {
      "bbox_xyxy": [
        327.6130676269531,
        803.6073608398438,
        390.7152404785156,
        842.1860961914062
      ],
      "score": 0.6414538025856018,
      "class_id": 1
    },
    {
      "bbox_xyxy": [
        523.9530029296875,
        687.4803466796875,
        578.4730224609375,
        755.786865234375
      ],
      "score": 0.6349995136260986,
      "class_id": 1
    },
    {
      "bbox_xyxy": [
        208.451416015625,
        760.5061645507812,
        564.615234375,
        957.8731079101562
      ],
      "score": 0.6167033910751343,
      "class_id": 1
    },
    {
      "bbox_xyxy": [
        380.36517333984375,
        374.599853515625,
        500.99066162109375,
        623.0390014648438
      ],
      "score": 0.5683616995811462,
      "class_id": 1
    },
    {
      "bbox_xyxy": [
        397.7796325683594,
        777.0728759765625,
        470.9931335449219,
        813.7506103515625
      ],
      "score": 0.5384408235549927,
      "class_id": 1
    },
    {
      "bbox_xyxy": [
        506.6787109375,
        675.180908203125,
        902.2666015625,
        955.3599853515625
      ],
      "score": 0.46418291330337524,
      "class_id": 1
    },
    {
      "bbox_xyxy": [
        1002.5003662109375,
        769.126953125,
        1242.7996826171875,
        900.04248046875
      ],
      "score": 0.4423551857471466,
      "class_id": 1
    },
    {
      "bbox_xyxy": [
        0.1494903564453125,
        698.2826538085938,
        192.6160430908203,
        956.9017944335938
      ],
      "score": 0.4383975863456726,
      "class_id": 1
    },
    {
      "bbox_xyxy": [
        721.546142578125,
        738.2593994140625,
        1272.6854248046875,
        958.5069580078125
      ],
      "score": 0.43470820784568787,
      "class_id": 1
    },
    {
      "bbox_xyxy": [
        490.3721923828125,
        703.9417724609375,
        1280.0,
        958.369873046875
      ],
      "score": 0.4166014790534973,
      "class_id": 1
    },
    {
      "bbox_xyxy": [
        386.4063720703125,
        879.727294921875,
        526.81884765625,
        957.733642578125
      ],
      "score": 0.41525164246559143,
      "class_id": 1
    },
    {
      "bbox_xyxy": [
        92.29168701171875,
        771.5023803710938,
        396.7928466796875,
        956.8323364257812
      ],
      "score": 0.4076489806175232,
      "class_id": 1
    },
    {
      "bbox_xyxy": [
        598.6359252929688,
        723.9002075195312,
        628.1957397460938,
        766.7722778320312
      ],
      "score": 0.4025312066078186,
      "class_id": 1
    },
    {
      "bbox_xyxy": [
        24.2418212890625,
        0.0,
        1280.0,
        264.35296630859375
      ],
      "score": 0.40178436040878296,
      "class_id": 1
    },
    {
      "bbox_xyxy": [
        391.40960693359375,
        704.7581787109375,
        449.483642578125,
        787.902099609375
      ],
      "score": 0.3928256630897522,
      "class_id": 1
    },
    {
      "bbox_xyxy": [
        552.640869140625,
        738.3103637695312,
        601.578857421875,
        764.6697387695312
      ],
      "score": 0.392243891954422,
      "class_id": 1
    },
    {
      "bbox_xyxy": [
        0.073944091796875,
        616.124755859375,
        381.7320861816406,
        958.516357421875
      ],
      "score": 0.362155020236969,
      "class_id": 1
    },
    {
      "bbox_xyxy": [
        585.9890747070312,
        759.129150390625,
        633.3898315429688,
        779.305908203125
      ],
      "score": 0.3536255657672882,
      "class_id": 1
    },
    {
      "bbox_xyxy": [
        1189.70849609375,
        677.9864501953125,
        1280.0,
        809.8509521484375
      ],
      "score": 0.3510030508041382,
      "class_id": 1
    },
    {
      "bbox_xyxy": [
        347.53662109375,
        859.7501831054688,
        529.037109375,
        958.2190551757812
      ],
      "score": 0.34959617257118225,
      "class_id": 1
    },
    {
      "bbox_xyxy": [
        563.7197265625,
        550.3145141601562,
        587.4334716796875,
        588.6677856445312
      ],
      "score": 0.344907283782959,
      "class_id": 1
    },
    {
      "bbox_xyxy": [
        1038.577880859375,
        682.585205078125,
        1201.309814453125,
        812.33154296875
      ],
      "score": 0.34020012617111206,
      "class_id": 1
    },
    {
      "bbox_xyxy": [
        367.60113525390625,
        773.9750366210938,
        416.37017822265625,
        819.7734985351562
      ],
      "score": 0.3300383687019348,
      "class_id": 1
    },
    {
      "bbox_xyxy": [
        1238.59423828125,
        747.6129150390625,
        1280.0,
        810.34814453125
      ],
      "score": 0.32998043298721313,
      "class_id": 1
    },
    {
      "bbox_xyxy": [
        1230.146240234375,
        784.8101806640625,
        1280.0,
        826.1112060546875
      ],
      "score": 0.32739487290382385,
      "class_id": 1
    },
    {
      "bbox_xyxy": [
        562.8289184570312,
        689.572021484375,
        596.3463745117188,
        740.6300048828125
      ],
      "score": 0.32713502645492554,
      "class_id": 1
    },
    {
      "bbox_xyxy": [
        603.6451416015625,
        727.0824584960938,
        623.03271484375,
        761.6849975585938
      ],
      "score": 0.3199239671230316,
      "class_id": 1
    },
    {
      "bbox_xyxy": [
        313.5709228515625,
        781.7254638671875,
        381.4532470703125,
        835.2071533203125
      ],
      "score": 0.31880974769592285,
      "class_id": 1
    },
    {
      "bbox_xyxy": [
        0.107696533203125,
        750.2047729492188,
        164.27203369140625,
        957.6317749023438
      ],
      "score": 0.31602320075035095,
      "class_id": 1
    },
    {
      "bbox_xyxy": [
        323.1841125488281,
        866.9947509765625,
        453.5938415527344,
        958.1827392578125
      ],
      "score": 0.31556767225265503,
      "class_id": 1
    },
    {
      "bbox_xyxy": [
        347.281005859375,
        879.08154296875,
        449.86773681640625,
        957.4525146484375
      ],
      "score": 0.3124110698699951,
      "class_id": 1
    },
    {
      "bbox_xyxy": [
        320.27734375,
        785.6707153320312,
        369.594970703125,
        825.4902954101562
      ],
      "score": 0.3123003840446472,
      "class_id": 1
    },
    {
      "bbox_xyxy": [
        404.201416015625,
        812.5731811523438,
        524.1251220703125,
        871.9714965820312
      ],
      "score": 0.3080904185771942,
      "class_id": 1
    },
    {
      "bbox_xyxy": [
        413.87261962890625,
        859.8248291015625,
        519.1423950195312,
        951.012939453125
      ],
      "score": 0.3069691061973572,
      "class_id": 1
    },
    {
      "bbox_xyxy": [
        1010.7430419921875,
        666.0032958984375,
        1249.0364990234375,
        846.422607421875
      ],
      "score": 0.30376508831977844,
      "class_id": 1
    },
    {
      "bbox_xyxy": [
        666.9913940429688,
        727.0311889648438,
        715.4960327148438,
        749.5946655273438
      ],
      "score": 0.30235493183135986,
      "class_id": 1
    },
    {
      "bbox_xyxy": [
        582.451171875,
        751.9752807617188,
        655.9539794921875,
        778.7471313476562
      ],
      "score": 0.29941147565841675,
      "class_id": 1
    },
    {
      "bbox_xyxy": [
        409.07550048828125,
        775.5383911132812,
        467.040283203125,
        805.6990356445312
      ],
      "score": 0.29919618368148804,
      "class_id": 1
    },
    {
      "bbox_xyxy": [
        1198.90576171875,
        677.6048583984375,
        1265.1455078125,
        728.033447265625
      ],
      "score": 0.2968290448188782,
      "class_id": 1
    },
    {
      "bbox_xyxy": [
        1085.171875,
        690.3384399414062,
        1206.03759765625,
        804.3577270507812
      ],
      "score": 0.2927576005458832,
      "class_id": 1
    },
    {
      "bbox_xyxy": [
        25.2935791015625,
        1.37945556640625,
        1280.0,
        391.209228515625
      ],
      "score": 0.29063811898231506,
      "class_id": 1
    },
    {
      "bbox_xyxy": [
        382.9176940917969,
        783.4609985351562,
        411.2062683105469,
        817.7120971679688
      ],
      "score": 0.28472432494163513,
      "class_id": 1
    },
    {
      "bbox_xyxy": [
        667.4343872070312,
        701.9996337890625,
        776.0858764648438,
        741.86572265625
      ],
      "score": 0.28203850984573364,
      "class_id": 1
    },
    {
      "bbox_xyxy": [
        678.6978149414062,
        701.8464965820312,
        773.8889770507812,
        736.9094848632812
      ],
      "score": 0.28134259581565857,
      "class_id": 1
    },
    {
      "bbox_xyxy": [
        1110.8182373046875,
        696.7731323242188,
        1195.5274658203125,
        785.0977172851562
      ],
      "score": 0.2785826623439789,
      "class_id": 1
    },
    {
      "bbox_xyxy": [
        382.97430419921875,
        810.64501953125,
        411.2237548828125,
        826.7950439453125
      ],
      "score": 0.2779506742954254,
      "class_id": 1
    },
    {
      "bbox_xyxy": [
        711.9109497070312,
        729.6781616210938,
        896.0895385742188,
        934.5026245117188
      ],
      "score": 0.27612537145614624,
      "class_id": 1
    },
    {
      "bbox_xyxy": [
        773.6707153320312,
        696.9132690429688,
        811.2385864257812,
        712.5289916992188
      ],
      "score": 0.2730693817138672,
      "class_id": 1
    },
    {
      "bbox_xyxy": [
        387.3819885253906,
        673.2892456054688,
        474.5406799316406,
        790.8169555664062
      ],
      "score": 0.2698454260826111,
      "class_id": 1
    },
    {
      "bbox_xyxy": [
        567.1677856445312,
        720.6072998046875,
        618.3587036132812,
        757.5933837890625
      ],
      "score": 0.2666221261024475,
      "class_id": 1
    },
    {
      "bbox_xyxy": [
        692.3182983398438,
        714.2194213867188,
        922.0037231445312,
        959.5548706054688
      ],
      "score": 0.26629117131233215,
      "class_id": 1
    },
    {
      "bbox_xyxy": [
        659.1553955078125,
        699.0233154296875,
        790.614501953125,
        744.653076171875
      ],
      "score": 0.2651190161705017,
      "class_id": 1
    },
    {
      "bbox_xyxy": [
        786.2536010742188,
        695.4400024414062,
        822.8585815429688,
        711.9751586914062
      ],
      "score": 0.264784574508667,
      "class_id": 1
    },
    {
      "bbox_xyxy": [
        780.7217407226562,
        674.57421875,
        870.1336059570312,
        708.86669921875
      ],
      "score": 0.2625909149646759,
      "class_id": 1
    },
    {
      "bbox_xyxy": [
        617.2527465820312,
        749.3250732421875,
        653.9413452148438,
        769.59033203125
      ],
      "score": 0.2594637870788574,
      "class_id": 1
    },
    {
      "bbox_xyxy": [
        1045.839599609375,
        696.1727905273438,
        1121.15185546875,
        745.1986694335938
      ],
      "score": 0.25882694125175476,
      "class_id": 1
    },
    {
      "bbox_xyxy": [
        401.4313049316406,
        786.9092407226562,
        465.4735412597656,
        814.5455932617188
      ],
      "score": 0.2580150067806244,
      "class_id": 1
    },
    {
      "bbox_xyxy": [
        1047.3306884765625,
        637.2781982421875,
        1144.7491455078125,
        720.4664306640625
      ],
      "score": 0.2553825080394745,
      "class_id": 1
    },
    {
      "bbox_xyxy": [
        447.45556640625,
        633.11181640625,
        1279.994140625,
        958.98681640625
      ],
      "score": 0.25459563732147217,
      "class_id": 1
    },
    {
      "bbox_xyxy": [
        660.9598388671875,
        725.8472290039062,
        718.2857666015625,
        752.3342895507812
      ],
      "score": 0.25311580300331116,
      "class_id": 1
    },
    {
      "bbox_xyxy": [
        1118.7132568359375,
        676.9716796875,
        1279.9930419921875,
        834.5596923828125
      ],
      "score": 0.25203704833984375,
      "class_id": 1
    },
    {
      "bbox_xyxy": [
        364.22918701171875,
        785.6714477539062,
        393.93939208984375,
        812.9843139648438
      ],
      "score": 0.25158023834228516,
      "class_id": 1
    },
    {
      "bbox_xyxy": [
        618.2279663085938,
        562.8956298828125,
        817.6143188476562,
        742.87158203125
      ],
      "score": 0.2514948844909668,
      "class_id": 1
    },
    {
      "bbox_xyxy": [
        318.61834716796875,
        781.89892578125,
        383.512939453125,
        825.64599609375
      ],
      "score": 0.2505223751068115,
      "class_id": 1
    }
  ],
  "boxes_3d": {
    "gravity_center_xyz": [
      [
        -0.8917542695999146,
        -0.5324611067771912,
        1.7094998359680176
      ],
      [
        -0.5200758576393127,
        0.20161712169647217,
        1.5615583658218384
      ],
      [
        -0.34567445516586304,
        0.20176291465759277,
        1.6371080875396729
      ],
      [
        -0.43269020318984985,
        0.2886807322502136,
        1.3165571689605713
      ],
      [
        -0.21366168558597565,
        0.21112537384033203,
        2.010408401489258
      ],
      [
        -0.4038101136684418,
        0.44518935680389404,
        1.3893318176269531
      ],
      [
        -0.4899880886077881,
        -0.330554723739624,
        2.1175713539123535
      ],
      [
        -0.3458203971385956,
        0.267103910446167,
        1.4314817190170288
      ],
      [
        0.15643981099128723,
        0.3574172258377075,
        1.8591781854629517
      ],
      [
        0.7350099086761475,
        0.31666988134384155,
        1.3144724369049072
      ],
      [
        -0.4529684782028198,
        0.17613762617111206,
        0.6724328994750977
      ],
      [
        0.6155560612678528,
        0.41415005922317505,
        1.1854922771453857
      ],
      [
        0.5457316040992737,
        0.4492987394332886,
        1.3306673765182495
      ],
      [
        -0.3159676790237427,
        0.5030794143676758,
        1.4650253057479858
      ],
      [
        -0.31734803318977356,
        0.22783231735229492,
        0.6993269324302673
      ],
      [
        -0.05461527407169342,
        0.21378076076507568,
        1.6369301080703735
      ],
      [
        0.16823668777942657,
        -0.6831173300743103,
        1.0441582202911377
      ],
      [
        -0.42905694246292114,
        0.22114920616149902,
        1.6539506912231445
      ],
      [
        -0.13921120762825012,
        0.2506415843963623,
        1.8467233180999756
      ],
      [
        -0.5435519218444824,
        0.19606226682662964,
        0.9152931571006775
      ],
      [
        -0.06134714186191559,
        0.24939119815826416,
        1.5975995063781738
      ],
      [
        1.6206313371658325,
        0.28913700580596924,
        2.3305418491363525
      ],
      [
        -0.33939406275749207,
        0.4878385066986084,
        1.4316511154174805
      ],
      [
        -0.19192546606063843,
        -0.18007493019104004,
        2.469151258468628
      ],
      [
        1.235091209411621,
        0.2837796211242676,
        2.2281975746154785
      ],
      [
        -0.41223105788230896,
        0.2651010751724243,
        1.4082036018371582
      ],
      [
        1.6113457679748535,
        0.38212788105010986,
        2.238250732421875
      ],
      [
        1.4852594137191772,
        0.41760313510894775,
        2.079230785369873
      ],
      [
        -0.15235190093517303,
        0.19645798206329346,
        2.086632251739502
      ],
      [
        -0.054402220994234085,
        0.21296346187591553,
        1.655821442604065
      ],
      [
        -0.46745723485946655,
        0.27699196338653564,
        1.3672561645507812
      ],
      [
        -0.42815202474594116,
        0.1837213933467865,
        0.6272495985031128
      ],
      [
        -0.38865265250205994,
        0.4602692723274231,
        1.3203834295272827
      ],
      [
        -0.3746110498905182,
        0.46860170364379883,
        1.3270237445831299
      ],
      [
        -0.4797877371311188,
        0.2757071256637573,
        1.3907815217971802
      ],
      [
        -0.2933829128742218,
        0.3472902774810791,
        1.4152421951293945
      ],
      [
        -0.3026013970375061,
        0.4765360355377197,
        1.4775537252426147
      ],
      [
        1.2994863986968994,
        0.2998692989349365,
        2.300762891769409
      ],
      [
        0.08930440992116928,
        0.19623470306396484,
        1.6241005659103394
      ],
      [
        -0.042332179844379425,
        0.24454689025878906,
        1.5935627222061157
      ],
      [
        -0.3479318618774414,
        0.2637922763824463,
        1.462184190750122
      ],
      [
        1.6236871480941772,
        0.1934126615524292,
        2.3686904907226562
      ],
      [
        1.2826974391937256,
        0.281793475151062,
        2.1914358139038086
      ],
      [
        0.28272247314453125,
        -0.7774807214736938,
        1.9237747192382812
      ],
      [
        -0.39916151762008667,
        0.26806962490081787,
        1.4021252393722534
      ],
      [
        0.16946682333946228,
        0.192438006401062,
        1.8601067066192627
      ],
      [
        0.18199971318244934,
        0.18679404258728027,
        1.8827481269836426
      ],
      [
        1.2890907526016235,
        0.2723304033279419,
        2.1701931953430176
      ],
      [
        -0.3829813003540039,
        0.28257471323013306,
        1.3453125953674316
      ],
      [
        0.24902087450027466,
        0.29157310724258423,
        1.306929111480713
      ],
      [
        0.3419947028160095,
        0.15492546558380127,
        1.955378770828247
      ],
      [
        -0.410415381193161,
        0.18735051155090332,
        1.6525272130966187
      ],
      [
        -0.10622415691614151,
        0.2279266119003296,
        1.8332304954528809
      ],
      [
        0.24388302862644196,
        0.2930355668067932,
        1.2601616382598877
      ],
      [
        0.16805334389209747,
        0.18365812301635742,
        1.7969093322753906
      ],
      [
        0.372222900390625,
        0.1552109718322754,
        1.9736689329147339
      ],
      [
        0.49314871430397034,
        0.15689623355865479,
        2.3092422485351562
      ],
      [
        -0.014064914546906948,
        0.2293781042098999,
        1.5873868465423584
      ],
      [
        1.20718252658844,
        0.24627435207366943,
        2.3600637912750244
      ],
      [
        -0.34569862484931946,
        0.2743741273880005,
        1.4247167110443115
      ],
      [
        1.3607146739959717,
        0.13856863975524902,
        2.578192710876465
      ],
      [
        0.5657156109809875,
        0.4067140817642212,
        1.3688116073608398
      ],
      [
        0.0866195410490036,
        0.19878089427947998,
        1.6217294931411743
      ],
      [
        1.5452351570129395,
        0.319948673248291,
        2.3433258533477783
      ],
      [
        -0.43103620409965515,
        0.26587390899658203,
        1.4111788272857666
      ],
      [
        0.2254333347082138,
        0.04363083839416504,
        2.5099868774414062
      ],
      [
        -0.4734387695789337,
        0.2757441997528076,
        1.4029245376586914
      ]
    ],
    "dims_lhw": [
      [
        0.3738822340965271,
        0.43808308243751526,
        0.03267618268728256
      ],
      [
        0.16026565432548523,
        0.19761784374713898,
        0.11509107798337936
      ],
      [
        0.11070521920919418,
        0.15654051303863525,
        0.10439763963222504
      ],
      [
        0.07406631857156754,
        0.023690804839134216,
        0.06628991663455963
      ],
      [
        0.09944308549165726,
        0.11407142877578735,
        0.04466472566127777
      ],
      [
        0.4404970407485962,
        0.3159957528114319,
        0.33878687024116516
      ],
      [
        0.2999612092971802,
        0.5523104071617126,
        0.03258888050913811
      ],
      [
        0.0809125304222107,
        0.026522785425186157,
        0.0848207101225853
      ],
      [
        0.729903519153595,
        0.3665432929992676,
        0.4678833484649658
      ],
      [
        0.4073376953601837,
        0.11863111704587936,
        0.14851103723049164
      ],
      [
        0.1264483630657196,
        0.21884649991989136,
        0.13393285870552063
      ],
      [
        1.0287381410598755,
        0.27247095108032227,
        0.3888435661792755
      ],
      [
        1.1718354225158691,
        0.364361971616745,
        0.8012787699699402
      ],
      [
        0.16277602314949036,
        0.07888392359018326,
        0.1693238615989685
      ],
      [
        0.20809148252010345,
        0.16513104736804962,
        0.11135879158973694
      ],
      [
        0.032288677990436554,
        0.06462482362985611,
        0.05756846070289612
      ],
      [
        1.385481834411621,
        0.03492429107427597,
        0.9266352653503418
      ],
      [
        0.06324116140604019,
        0.12519314885139465,
        0.07786336541175842
      ],
      [
        0.07121219485998154,
        0.032083895057439804,
        0.06697608530521393
      ],
      [
        0.31557735800743103,
        0.33365771174430847,
        0.5084083080291748
      ],
      [
        0.06754454970359802,
        0.017619842663407326,
        0.06181558221578598
      ],
      [
        0.17342783510684967,
        0.27424952387809753,
        0.18935242295265198
      ],
      [
        0.21071971952915192,
        0.1136416494846344,
        0.1998867690563202
      ],
      [
        0.08091596513986588,
        0.10294832289218903,
        0.03215837851166725
      ],
      [
        0.23015907406806946,
        0.22171464562416077,
        0.30982327461242676
      ],
      [
        0.041470009833574295,
        0.04699153080582619,
        0.06909821927547455
      ],
      [
        0.07768788933753967,
        0.11285707354545593,
        0.14515571296215057
      ],
      [
        0.07903008162975311,
        0.04603841155767441,
        0.14732100069522858
      ],
      [
        0.053809087723493576,
        0.09766262769699097,
        0.054798390716314316
      ],
      [
        0.025336017832159996,
        0.0561189129948616,
        0.06371191889047623
      ],
      [
        0.07956536114215851,
        0.05535730719566345,
        0.06095711514353752
      ],
      [
        0.10181974619626999,
        0.17768928408622742,
        0.09758765250444412
      ],
      [
        0.12323065847158432,
        0.12224818766117096,
        0.15880148112773895
      ],
      [
        0.09513244032859802,
        0.1035635769367218,
        0.14412088692188263
      ],
      [
        0.062224745750427246,
        0.04476340115070343,
        0.04703128710389137
      ],
      [
        0.1526423543691635,
        0.023314082995057106,
        0.12280255556106567
      ],
      [
        0.12794925272464752,
        0.06431936472654343,
        0.14382608234882355
      ],
      [
        0.3620089590549469,
        0.3397180736064911,
        0.3908848762512207
      ],
      [
        0.04551059380173683,
        0.02696293406188488,
        0.1699226349592209
      ],
      [
        0.10048017650842667,
        0.0191195011138916,
        0.07417058199644089
      ],
      [
        0.06259602308273315,
        0.026270145550370216,
        0.0612468421459198
      ],
      [
        0.12910228967666626,
        0.09301931411027908,
        0.1268034279346466
      ],
      [
        0.1352834701538086,
        0.191433385014534,
        0.27701666951179504
      ],
      [
        2.5848915576934814,
        0.03762722760438919,
        1.655442714691162
      ],
      [
        0.026781385764479637,
        0.03564337641000748,
        0.06144405156373978
      ],
      [
        0.20200930535793304,
        0.037458647042512894,
        0.20813575387001038
      ],
      [
        0.19290772080421448,
        0.03212619200348854,
        0.14103363454341888
      ],
      [
        0.09964960068464279,
        0.1377759426832199,
        0.2798320949077606
      ],
      [
        0.026850510388612747,
        0.014529822394251823,
        0.04963923245668411
      ],
      [
        0.2621549069881439,
        0.21290603280067444,
        0.17517180740833282
      ],
      [
        0.05090843513607979,
        0.024101564660668373,
        0.1222771629691124
      ],
      [
        0.09600269794464111,
        0.19130566716194153,
        0.10495129227638245
      ],
      [
        0.06836836785078049,
        0.045928746461868286,
        0.0689735934138298
      ],
      [
        0.2769598662853241,
        0.2529926598072052,
        0.19601771235466003
      ],
      [
        0.20006030797958374,
        0.03801514953374863,
        0.17481863498687744
      ],
      [
        0.053449299186468124,
        0.023188184946775436,
        0.08910191804170609
      ],
      [
        0.17952188849449158,
        0.046836867928504944,
        0.17448753118515015
      ],
      [
        0.039759788662195206,
        0.01858455315232277,
        0.0775853618979454
      ],
      [
        0.10873785614967346,
        0.0715344250202179,
        0.28248289227485657
      ],
      [
        0.06983888894319534,
        0.01417646836489439,
        0.06639721244573593
      ],
      [
        0.20344409346580505,
        0.19432465732097626,
        0.19616402685642242
      ],
      [
        0.8689749836921692,
        0.4684889018535614,
        1.4420948028564453
      ],
      [
        0.05486489459872246,
        0.028665034100413322,
        0.14531297981739044
      ],
      [
        0.2865453362464905,
        0.30005040764808655,
        0.28612619638442993
      ],
      [
        0.030843041837215424,
        0.03147674351930618,
        0.052832286804914474
      ],
      [
        0.5818780660629272,
        0.4226340353488922,
        0.2172895073890686
      ],
      [
        0.07831617444753647,
        0.04443629831075668,
        0.056346993893384933
      ]
    ],
    "R_3x3": [
      [
        [
          0.6945405006408691,
          0.0,
          -0.7194536328315735
        ],
        [
          0.0,
          1.0,
          0.0
        ],
        [
          0.7194536328315735,
          0.0,
          0.6945405006408691
        ]
      ],
      [
        [
          0.7542584538459778,
          0.0,
          -0.6565776467323303
        ],
        [
          0.0,
          1.0,
          0.0
        ],
        [
          0.6565776467323303,
          0.0,
          0.7542584538459778
        ]
      ],
      [
        [
          0.7046306729316711,
          0.0,
          -0.709574282169342
        ],
        [
          0.0,
          1.0,
          0.0
        ],
        [
          0.709574282169342,
          0.0,
          0.7046306729316711
        ]
      ],
      [
        [
          0.7955415844917297,
          0.0,
          -0.6058989763259888
        ],
        [
          0.0,
          1.0,
          0.0
        ],
        [
          0.6058989763259888,
          0.0,
          0.7955415844917297
        ]
      ],
      [
        [
          0.7056055665016174,
          0.0,
          -0.7086048126220703
        ],
        [
          0.0,
          1.0,
          0.0
        ],
        [
          0.7086048126220703,
          0.0,
          0.7056055665016174
        ]
      ],
      [
        [
          0.7121757864952087,
          0.0,
          -0.7020012140274048
        ],
        [
          0.0,
          1.0,
          0.0
        ],
        [
          0.7020012140274048,
          0.0,
          0.7121757864952087
        ]
      ],
      [
        [
          0.702425479888916,
          0.0,
          -0.7117573022842407
        ],
        [
          0.0,
          1.0,
          0.0
        ],
        [
          0.7117573022842407,
          0.0,
          0.702425479888916
        ]
      ],
      [
        [
          0.7573587894439697,
          0.0,
          -0.6529990434646606
        ],
        [
          0.0,
          1.0,
          0.0
        ],
        [
          0.6529990434646606,
          0.0,
          0.7573587894439697
        ]
      ],
      [
        [
          0.7196415066719055,
          0.0,
          -0.6943458318710327
        ],
        [
          0.0,
          1.0,
          0.0
        ],
        [
          0.6943458318710327,
          0.0,
          0.7196415066719055
        ]
      ],
      [
        [
          0.8812261819839478,
          0.0,
          -0.4726948142051697
        ],
        [
          0.0,
          1.0,
          0.0
        ],
        [
          0.4726948142051697,
          0.0,
          0.8812261819839478
        ]
      ],
      [
        [
          0.7459884881973267,
          0.0,
          -0.6659588813781738
        ],
        [
          0.0,
          1.0,
          0.0
        ],
        [
          0.6659588813781738,
          0.0,
          0.7459884881973267
        ]
      ],
      [
        [
          0.7214203476905823,
          0.0,
          -0.6924974322319031
        ],
        [
          0.0,
          1.0,
          0.0
        ],
        [
          0.6924974322319031,
          0.0,
          0.7214203476905823
        ]
      ],
      [
        [
          0.7465060353279114,
          0.0,
          -0.6653786897659302
        ],
        [
          0.0,
          1.0,
          0.0
        ],
        [
          0.6653786897659302,
          0.0,
          0.7465060353279114
        ]
      ],
      [
        [
          0.7333237528800964,
          0.0,
          -0.6798796653747559
        ],
        [
          0.0,
          1.0,
          0.0
        ],
        [
          0.6798796653747559,
          0.0,
          0.7333237528800964
        ]
      ],
      [
        [
          0.7222399711608887,
          0.0,
          -0.6916425228118896
        ],
        [
          0.0,
          1.0,
          0.0
        ],
        [
          0.6916425228118896,
          0.0,
          0.7222399711608887
        ]
      ],
      [
        [
          0.9911758899688721,
          0.0,
          -0.13255326449871063
        ],
        [
          0.0,
          1.0,
          0.0
        ],
        [
          0.13255326449871063,
          0.0,
          0.9911758899688721
        ]
      ],
      [
        [
          0.7311354279518127,
          0.0,
          -0.6822323799133301
        ],
        [
          0.0,
          1.0,
          0.0
        ],
        [
          0.6822323799133301,
          0.0,
          0.7311354279518127
        ]
      ],
      [
        [
          0.7539685368537903,
          0.0,
          -0.6569105386734009
        ],
        [
          0.0,
          1.0,
          0.0
        ],
        [
          0.6569105386734009,
          0.0,
          0.7539685368537903
        ]
      ],
      [
        [
          0.7686898112297058,
          0.0,
          -0.6396217942237854
        ],
        [
          0.0,
          1.0,
          0.0
        ],
        [
          0.6396217942237854,
          0.0,
          0.7686898112297058
        ]
      ],
      [
        [
          0.772567868232727,
          0.0,
          -0.6349322199821472
        ],
        [
          0.0,
          1.0,
          0.0
        ],
        [
          0.6349322199821472,
          0.0,
          0.772567868232727
        ]
      ],
      [
        [
          0.9462745189666748,
          0.0,
          -0.3233644962310791
        ],
        [
          0.0,
          1.0,
          0.0
        ],
        [
          0.3233644962310791,
          0.0,
          0.9462745189666748
        ]
      ],
      [
        [
          0.7930675745010376,
          0.0,
          0.6091336607933044
        ],
        [
          0.0,
          1.0,
          0.0
        ],
        [
          -0.6091336607933044,
          0.0,
          0.7930675745010376
        ]
      ],
      [
        [
          0.7190635204315186,
          0.0,
          -0.6949443817138672
        ],
        [
          0.0,
          1.0,
          0.0
        ],
        [
          0.6949443817138672,
          0.0,
          0.7190635204315186
        ]
      ],
      [
        [
          0.6670955419540405,
          0.0,
          -0.7449722290039062
        ],
        [
          0.0,
          1.0,
          0.0
        ],
        [
          0.7449722290039062,
          0.0,
          0.6670955419540405
        ]
      ],
      [
        [
          0.8505139350891113,
          0.0,
          0.5259525179862976
        ],
        [
          0.0,
          1.0,
          0.0
        ],
        [
          -0.5259525179862976,
          0.0,
          0.8505139350891113
        ]
      ],
      [
        [
          0.8677853941917419,
          0.0,
          -0.49693915247917175
        ],
        [
          0.0,
          1.0,
          0.0
        ],
        [
          0.49693915247917175,
          0.0,
          0.8677853941917419
        ]
      ],
      [
        [
          0.9093775153160095,
          0.0,
          0.4159717559814453
        ],
        [
          0.0,
          1.0,
          0.0
        ],
        [
          -0.4159717559814453,
          0.0,
          0.9093775153160095
        ]
      ],
      [
        [
          0.9085621237754822,
          0.0,
          0.4177497923374176
        ],
        [
          0.0,
          1.0,
          0.0
        ],
        [
          -0.4177497923374176,
          0.0,
          0.9085621237754822
        ]
      ],
      [
        [
          0.7302762269973755,
          0.0,
          -0.6831520199775696
        ],
        [
          0.0,
          1.0,
          0.0
        ],
        [
          0.6831520199775696,
          0.0,
          0.7302762269973755
        ]
      ],
      [
        [
          0.999200701713562,
          0.0,
          0.039974186569452286
        ],
        [
          0.0,
          1.0,
          0.0
        ],
        [
          -0.039974186569452286,
          0.0,
          0.999200701713562
        ]
      ],
      [
        [
          0.809846043586731,
          0.0,
          -0.5866425037384033
        ],
        [
          0.0,
          1.0,
          0.0
        ],
        [
          0.5866425037384033,
          0.0,
          0.809846043586731
        ]
      ],
      [
        [
          0.7759290933609009,
          0.0,
          -0.6308202147483826
        ],
        [
          0.0,
          1.0,
          0.0
        ],
        [
          0.6308202147483826,
          0.0,
          0.7759290933609009
        ]
      ],
      [
        [
          0.7562395930290222,
          0.0,
          -0.6542948484420776
        ],
        [
          0.0,
          1.0,
          0.0
        ],
        [
          0.6542948484420776,
          0.0,
          0.7562395930290222
        ]
      ],
      [
        [
          0.7744320631027222,
          0.0,
          -0.6326571106910706
        ],
        [
          0.0,
          1.0,
          0.0
        ],
        [
          0.6326571106910706,
          0.0,
          0.7744320631027222
        ]
      ],
      [
        [
          0.8200709223747253,
          0.0,
          -0.5722619295120239
        ],
        [
          0.0,
          1.0,
          0.0
        ],
        [
          0.5722619295120239,
          0.0,
          0.8200709223747253
        ]
      ],
      [
        [
          0.7270952463150024,
          0.0,
          -0.6865366697311401
        ],
        [
          0.0,
          1.0,
          0.0
        ],
        [
          0.6865366697311401,
          0.0,
          0.7270952463150024
        ]
      ],
      [
        [
          0.7484873533248901,
          0.0,
          -0.6631491184234619
        ],
        [
          0.0,
          1.0,
          0.0
        ],
        [
          0.6631491184234619,
          0.0,
          0.7484873533248901
        ]
      ],
      [
        [
          0.707381010055542,
          0.0,
          0.7068325281143188
        ],
        [
          0.0,
          1.0,
          0.0
        ],
        [
          -0.7068325281143188,
          0.0,
          0.707381010055542
        ]
      ],
      [
        [
          0.9933171272277832,
          0.0,
          -0.11541696637868881
        ],
        [
          0.0,
          1.0,
          0.0
        ],
        [
          0.11541696637868881,
          0.0,
          0.9933171272277832
        ]
      ],
      [
        [
          0.8126395344734192,
          0.0,
          -0.5827666521072388
        ],
        [
          0.0,
          1.0,
          0.0
        ],
        [
          0.5827666521072388,
          0.0,
          0.8126395344734192
        ]
      ],
      [
        [
          0.7589808106422424,
          0.0,
          -0.6511130332946777
        ],
        [
          0.0,
          1.0,
          0.0
        ],
        [
          0.6511130332946777,
          0.0,
          0.7589808106422424
        ]
      ],
      [
        [
          0.8224928975105286,
          0.0,
          0.5687753558158875
        ],
        [
          0.0,
          1.0,
          0.0
        ],
        [
          -0.5687753558158875,
          0.0,
          0.8224928975105286
        ]
      ],
      [
        [
          0.9181583523750305,
          0.0,
          0.39621368050575256
        ],
        [
          0.0,
          1.0,
          0.0
        ],
        [
          -0.39621368050575256,
          0.0,
          0.9181583523750305
        ]
      ],
      [
        [
          0.7352105975151062,
          0.0,
          -0.6778388023376465
        ],
        [
          0.0,
          1.0,
          0.0
        ],
        [
          0.6778388023376465,
          0.0,
          0.7352105975151062
        ]
      ],
      [
        [
          0.9704849720001221,
          0.0,
          -0.24116165935993195
        ],
        [
          0.0,
          1.0,
          0.0
        ],
        [
          0.24116165935993195,
          0.0,
          0.9704849720001221
        ]
      ],
      [
        [
          0.9396366477012634,
          0.0,
          -0.34217387437820435
        ],
        [
          0.0,
          1.0,
          0.0
        ],
        [
          0.34217387437820435,
          0.0,
          0.9396366477012634
        ]
      ],
      [
