{
  "source_image": "teste/2.jpeg",
  "timestamp": null,
  "video_id": null,
  "image_size_hw": [
    576,
    1024
  ],
  "detections": [
    {
      "bbox_xyxy": [
        406.22735595703125,
        312.56256103515625,
        710.1096801757812,
        575.9039916992188
      ],
      "score": 0.7115849852561951,
      "class_id": 1
    },
    {
      "bbox_xyxy": [
        720.3228759765625,
        59.86285400390625,
        936.492919921875,
        336.2908630371094
      ],
      "score": 0.693622350692749,
      "class_id": 1
    },
    {
      "bbox_xyxy": [
        354.42559814453125,
        118.711181640625,
        481.0191650390625,
        326.92901611328125
      ],
      "score": 0.6805251836776733,
      "class_id": 1
    },
    {
      "bbox_xyxy": [
        539.5294799804688,
        0.0,
        627.4247436523438,
        82.54215240478516
      ],
      "score": 0.6587685942649841,
      "class_id": 1
    },
    {
      "bbox_xyxy": [
        45.8663330078125,
        0.0,
        229.42840576171875,
        293.478271484375
      ],
      "score": 0.6446844339370728,
      "class_id": 1
    },
    {
      "bbox_xyxy": [
        0.22100830078125,
        357.6063232421875,
        326.915283203125,
        574.1568603515625
      ],
      "score": 0.6433705687522888,
      "class_id": 1
    },
    {
      "bbox_xyxy": [
        501.02923583984375,
        92.11196899414062,
        660.8998413085938,
        330.0924987792969
      ],
      "score": 0.5808860063552856,
      "class_id": 1
    },
    {
      "bbox_xyxy": [
        731.9241943359375,
        0.0,
        903.8765869140625,
        43.315181732177734
      ],
      "score": 0.49397480487823486,
      "class_id": 1
    },
    {
      "bbox_xyxy": [
        0.0,
        400.153076171875,
        1009.60302734375,
        573.3333740234375
      ],
      "score": 0.4615532159805298,
      "class_id": 1
    },
    {
      "bbox_xyxy": [
        464.49713134765625,
        406.417724609375,
        1007.5025024414062,
        574.0244140625
      ],
      "score": 0.39365723729133606,
      "class_id": 1
    },
    {
      "bbox_xyxy": [
        191.35174560546875,
        472.79168701171875,
        319.604736328125,
        562.4542846679688
      ],
      "score": 0.3177386522293091,
      "class_id": 1
    },
    {
      "bbox_xyxy": [
        96.9307861328125,
        349.59735107421875,
        335.2259521484375,
        568.3511352539062
      ],
      "score": 0.30614012479782104,
      "class_id": 1
    },
    {
      "bbox_xyxy": [
        3.8992919921875,
        365.20989990234375,
        230.98202514648438,
        573.1386108398438
      ],
      "score": 0.26415112614631653,
      "class_id": 1
    }
  ],
  "boxes_3d": {
    "gravity_center_xyz": [
      [
        0.073916494846344,
        0.22288045287132263,
        1.5983970165252686
      ],
      [
        0.4745404124259949,
        -0.13204556703567505,
        1.5718237161636353
      ],
      [
        -0.19471120834350586,
        -0.12982985377311707,
        2.022308349609375
      ],
      [
        0.12843787670135498,
        -0.5033726096153259,
        1.8424785137176514
      ],
      [
        -0.6824436783790588,
        -0.27193382382392883,
        1.9130432605743408
      ],
      [
        -0.5698763132095337,
        0.28721195459365845,
        1.6978909969329834
      ],
      [
        0.11696839332580566,
        -0.13287413120269775,
        1.8249316215515137
      ],
      [
        0.4820043444633484,
        -0.45595115423202515,
        1.6211596727371216
      ],
      [
        -0.11121505498886108,
        0.4334571361541748,
        1.4107131958007812
      ],
      [
        0.29707270860671997,
        0.341432124376297,
        1.3728759288787842
      ],
      [
        -0.45235177874565125,
        0.3987951874732971,
        1.8029892444610596
      ],
      [
        -0.5171131491661072,
        0.27833127975463867,
        1.822037696838379
      ],
      [
        -0.619829535484314,
        0.28533482551574707,
        1.5953706502914429
      ]
    ],
    "dims_lhw": [
      [
        0.5290723443031311,
        0.47808751463890076,
        0.36977970600128174
      ],
      [
        0.40992990136146545,
        0.5580489635467529,
        0.07500647008419037
      ],
      [
        0.3757513761520386,
        0.5598692893981934,
        0.0679268166422844
      ],
      [
        0.23443689942359924,
        0.2930961847305298,
        0.06867922842502594
      ],
      [
        0.06414353847503662,
        0.7418685555458069,
        0.4842105209827423
      ],
      [
        0.35451340675354004,
        0.46583321690559387,
        0.6844621896743774
      ],
      [
        0.3973773419857025,
        0.5765553116798401,
        0.06600470840930939
      ],
      [
        0.35217586159706116,
        0.16498498618602753,
        0.08738760650157928
      ],
      [
        1.7984334230422974,
        0.5261808633804321,
        0.9958540201187134
      ],
      [
        0.844944179058075,
        0.3593972325325012,
        0.510958194732666
      ],
      [
        0.17401523888111115,
        0.14115425944328308,
        0.23247763514518738
      ],
      [
        0.3959321081638336,
        0.4826718270778656,
        0.4595070481300354
      ],
      [
        0.3800032436847687,
        0.45294398069381714,
        0.19363117218017578
      ]
    ],
    "R_3x3": [
      [
        [
          0.8454198241233826,
          0.0,
          0.5341023802757263
        ],
        [
          0.0,
          1.0,
          0.0
        ],
        [
          -0.5341023802757263,
          0.0,
          0.8454198241233826
        ]
      ],
      [
        [
          0.8550305962562561,
          0.0,
          0.518577516078949
        ],
        [
          0.0,
          1.0,
          0.0
        ],
        [
          -0.518577516078949,
          0.0,
          0.8550305962562561
        ]
      ],
      [
        [
          0.8821150660514832,
          0.0,
          0.4710340201854706
        ],
        [
          0.0,
          1.0,
          0.0
        ],
        [
          -0.4710340201854706,
          0.0,
          0.8821150660514832
        ]
      ],
      [
        [
          0.897217333316803,
          0.0,
          0.44158926606178284
        ],
        [
          0.0,
          1.0,
          0.0
        ],
        [
          -0.44158926606178284,
          0.0,
          0.897217333316803
        ]
      ],
      [
        [
          0.8538704514503479,
          0.0,
          0.5204856395721436
        ],
        [
          0.0,
          1.0,
          0.0
        ],
        [
          -0.5204856395721436,
          0.0,
          0.8538704514503479
        ]
      ],
      [
        [
          0.8163639903068542,
          0.0,
          0.5775377154350281
        ],
        [
          0.0,
          1.0,
          0.0
        ],
        [
          -0.5775377154350281,
          0.0,
          0.8163639903068542
        ]
      ],
      [
        [
          0.8770758509635925,
          0.0,
          0.4803519546985626
        ],
        [
          0.0,
          1.0,
          0.0
        ],
        [
          -0.4803519546985626,
          0.0,
          0.8770758509635925
        ]
      ],
      [
        [
          0.8642517328262329,
          0.0,
          0.5030596256256104
        ],
        [
          0.0,
          1.0,
          0.0
        ],
        [
          -0.5030596256256104,
          0.0,
          0.8642517328262329
        ]
      ],
      [
        [
          0.8588245511054993,
          0.0,
          0.512269914150238
        ],
        [
          0.0,
          1.0,
          0.0
        ],
        [
          -0.512269914150238,
          0.0,
          0.8588245511054993
        ]
      ],
      [
        [
          0.8561757206916809,
          0.0,
          0.5166847705841064
        ],
        [
          0.0,
          1.0,
          0.0
        ],
        [
          -0.5166847705841064,
          0.0,
          0.8561757206916809
        ]
      ],
      [
        [
          0.8909233808517456,
          0.0,
          0.4541536867618561
        ],
        [
          0.0,
          1.0,
          0.0
        ],
        [
          -0.4541536867618561,
          0.0,
          0.8909233808517456
        ]
      ],
      [
        [
          0.7907178401947021,
          0.0,
          0.612180769443512
        ],
        [
          0.0,
          1.0,
          0.0
        ],
        [
          -0.612180769443512,
          0.0,
          0.7907178401947021
        ]
      ],
      [
        [
          0.7034691572189331,
          0.0,
          -0.7107257843017578
        ],
        [
          0.0,
          1.0,
          0.0
        ],
        [
          0.7107257843017578,
          0.0,
          0.7034691572189331
        ]
      ]
    ]
  }
}