{
  "source_image": "teste/3.jpeg",
  "timestamp": null,
  "video_id": null,
  "image_size_hw": [
    576,
    1024
  ],
  "detections": [
    {
      "bbox_xyxy": [
        200.15814208984375,
        74.171630859375,
        702.2589111328125,
        573.7592163085938
      ],
      "score": 0.6282812356948853,
      "class_id": 1
    },
    {
      "bbox_xyxy": [
        618.13818359375,
        380.53265380859375,
        1023.9989013671875,
        575.2345581054688
      ],
      "score": 0.5337470173835754,
      "class_id": 1
    },
    {
      "bbox_xyxy": [
        0.0,
        125.77252197265625,
        204.89376831054688,
        576.0
      ],
      "score": 0.5089666247367859,
      "class_id": 1
    },
    {
      "bbox_xyxy": [
        814.1412963867188,
        224.79714965820312,
        855.7147827148438,
        273.3367614746094
      ],
      "score": 0.444776713848114,
      "class_id": 1
    },
    {
      "bbox_xyxy": [
        206.57647705078125,
        535.2510375976562,
        713.9042358398438,
        574.2616577148438
      ],
      "score": 0.30196237564086914,
      "class_id": 1
    }
  ],
  "boxes_3d": {
    "gravity_center_xyz": [
      [
        -0.07962954044342041,
        0.054454654455184937,
        1.477819800376892
      ],
      [
        0.33683890104293823,
        0.278456449508667,
        1.2040513753890991
      ],
      [
        -0.5057004690170288,
        0.11094951629638672,
        1.176145076751709
      ],
      [
        0.47163254022598267,
        -0.058723509311676025,
        1.4891494512557983
      ],
      [
        -0.07098424434661865,
        0.42585718631744385,
        1.4980634450912476
      ]
    ],
    "dims_lhw": [
      [
        0.9173442125320435,
        0.941228449344635,
        0.11205717921257019
      ],
      [
        0.471814900636673,
        0.3709464371204376,
        0.4565333127975464
      ],
      [
        0.3451913595199585,
        0.7682396769523621,
        0.28530171513557434
      ],
      [
        0.05811770632863045,
        0.10317443311214447,
        0.09782014787197113
      ],
      [
        0.9812331199645996,
        0.05646295100450516,
        0.145039901137352
      ]
    ],
    "R_3x3": [
      [
        [
          0.9874257445335388,
          0.0,
          -0.15808339416980743
        ],
        [
          0.0,
          1.0,
          0.0
        ],
        [
          0.15808339416980743,
          0.0,
          0.9874257445335388
        ]
      ],
      [
        [
          0.9944525957107544,
          0.0,
          -0.10518588125705719
        ],
        [
          0.0,
          1.0,
          0.0
        ],
        [
          0.10518588125705719,
          0.0,
          0.9944525957107544
        ]
      ],
      [
        [
          0.9663492441177368,
          0.0,
          -0.2572336494922638
        ],
        [
          0.0,
          1.0,
          0.0
        ],
        [
          0.2572336494922638,
          0.0,
          0.9663492441177368
        ]
      ],
      [
        [
          0.9696744680404663,
          0.0,
          0.24440012872219086
        ],
        [
          0.0,
          1.0,
          0.0
        ],
        [
          -0.24440012872219086,
          0.0,
          0.9696744680404663
        ]
      ],
      [
        [
          0.9824725985527039,
          0.0,
          -0.1864069253206253
        ],
        [
          0.0,
          1.0,
          0.0
        ],
        [
          0.1864069253206253,
          0.0,
          0.9824725985527039
        ]
      ]
    ]
  }
}