{
  "source_image": "teste/7.jpeg",
  "timestamp": null,
  "video_id": null,
  "image_size_hw": [
    768,
    1024
  ],
  "detections": [
    {
      "bbox_xyxy": [
        360.818603515625,
        85.718994140625,
        517.5916748046875,
        176.93099975585938
      ],
      "score": 0.7925043702125549,
      "class_id": 1
    },
    {
      "bbox_xyxy": [
        260.586669921875,
        311.6083984375,
        560.3428955078125,
        669.564208984375
      ],
      "score": 0.7906700968742371,
      "class_id": 1
    },
    {
      "bbox_xyxy": [
        663.70263671875,
        43.82373046875,
        1024.0,
        399.519287109375
      ],
      "score": 0.7527203559875488,
      "class_id": 1
    },
    {
      "bbox_xyxy": [
        394.583251953125,
        51.2232666015625,
        1022.436767578125,
        768.0
      ],
      "score": 0.6370075941085815,
      "class_id": 1
    },
    {
      "bbox_xyxy": [
        359.9703369140625,
        133.68885803222656,
        515.6326904296875,
        193.7795867919922
      ],
      "score": 0.5716234445571899,
      "class_id": 1
    },
    {
      "bbox_xyxy": [
        412.0889587402344,
        20.394180297851562,
        461.9274597167969,
        64.20177459716797
      ],
      "score": 0.5530374646186829,
      "class_id": 1
    },
    {
      "bbox_xyxy": [
        74.3438720703125,
        304.539794921875,
        1023.997314453125,
        768.0
      ],
      "score": 0.5502638220787048,
      "class_id": 1
    },
    {
      "bbox_xyxy": [
        494.6256103515625,
        56.64185333251953,
        699.0159912109375,
        264.6748046875
      ],
      "score": 0.4506288766860962,
      "class_id": 1
    },
    {
      "bbox_xyxy": [
        0.0,
        0.0,
        466.080078125,
        485.361083984375
      ],
      "score": 0.41222670674324036,
      "class_id": 1
    },
    {
      "bbox_xyxy": [
        503.4610595703125,
        32.98149108886719,
        546.2454833984375,
        78.84765625
      ],
      "score": 0.3968719244003296,
      "class_id": 1
    },
    {
      "bbox_xyxy": [
        439.5685729980469,
        146.84039306640625,
        1024.0,
        755.7959594726562
      ],
      "score": 0.371423602104187,
      "class_id": 1
    },
    {
      "bbox_xyxy": [
        525.801025390625,
        209.1728515625,
        725.9755859375,
        445.4287109375
      ],
      "score": 0.37141919136047363,
      "class_id": 1
    },
    {
      "bbox_xyxy": [
        864.6697387695312,
        337.13079833984375,
        965.4600219726562,
        415.8106689453125
      ],
      "score": 0.361765056848526,
      "class_id": 1
    },
    {
      "bbox_xyxy": [
        496.646484375,
        0.0,
        566.79296875,
        72.29783630371094
      ],
      "score": 0.34951019287109375,
      "class_id": 1
    },
    {
      "bbox_xyxy": [
        800.2666015625,
        375.12103271484375,
        944.4296875,
        467.0731201171875
      ],
      "score": 0.31647399067878723,
      "class_id": 1
    },
    {
      "bbox_xyxy": [
        605.5772094726562,
        53.22221374511719,
        667.5612182617188,
        111.17135620117188
      ],
      "score": 0.29608914256095886,
      "class_id": 1
    },
    {
      "bbox_xyxy": [
        336.60772705078125,
        149.278564453125,
        682.1672973632812,
        513.167724609375
      ],
      "score": 0.2951926589012146,
      "class_id": 1
    },
    {
      "bbox_xyxy": [
        538.0845336914062,
        0.0,
        605.3207397460938,
        69.05964660644531
      ],
      "score": 0.28735828399658203,
      "class_id": 1
    },
    {
      "bbox_xyxy": [
        638.237548828125,
        0.0,
        1023.9876708984375,
        401.77777099609375
      ],
      "score": 0.2715572118759155,
      "class_id": 1
    },
    {
      "bbox_xyxy": [
        531.8208618164062,
        0.0,
        618.6714477539062,
        75.74803161621094
      ],
      "score": 0.26739588379859924,
      "class_id": 1
    },
    {
      "bbox_xyxy": [
        530.6334228515625,
        0.0,
        594.074462890625,
        74.8622055053711
      ],
      "score": 0.25483348965644836,
      "class_id": 1
    },
    {
      "bbox_xyxy": [
        338.5476379394531,
        124.2464599609375,
        1024.0,
        760.2774047851562
      ],
      "score": 0.2529059648513794,
      "class_id": 1
    }
  ],
  "boxes_3d": {
    "gravity_center_xyz": [
      [
        -0.170548677444458,
        -0.5799822211265564,
        2.297031879425049
      ],
      [
        -0.1572684645652771,
        0.16658467054367065,
        1.7258319854736328
      ],
      [
        0.46043628454208374,
        -0.2467280626296997,
        1.4329315423965454
      ],
      [
        0.2308909296989441,
        0.06618499755859375,
        1.4643367528915405
      ],
      [
        -0.18054711818695068,
        -0.5207247734069824,
        2.3718783855438232
      ],
      [
        -0.172127366065979,
        -0.7517942190170288,
        2.23451566696167
      ],
      [
        -0.03539717197418213,
        0.35093218088150024,
        1.92964506149292
      ],
      [
        0.13425248861312866,
        -0.4103837013244629,
        1.845898985862732
      ],
      [
        -0.6447160243988037,
        -0.3746812045574188,
        2.259958267211914
      ],
      [
        0.02269566059112549,
        -0.6664727926254272,
        2.069088935852051
      ],
      [
        0.3486531376838684,
        0.001734912395477295,
        1.940625786781311
      ],
      [
        0.13161194324493408,
        -0.08171892166137695,
        1.3593926429748535
      ],
      [
        0.52546226978302,
        -0.01060435175895691,
        1.3319768905639648
      ],
      [
        0.03417026996612549,
        -0.7170006036758423,
        2.068617105484009
      ],
      [
        0.44647204875946045,
        0.0439663827419281,
        1.2794315814971924
      ],
      [
        0.22609740495681763,
        -0.5529460310935974,
        1.8615392446517944
      ],
      [
        -0.03591132164001465,
        -0.16295206546783447,
        2.324126720428467
      ],
      [
        0.11147063970565796,
        -0.6893901824951172,
        1.975770354270935
      ],
      [
        0.5504782795906067,
        -0.3644944429397583,
        1.6625961065292358
      ],
      [
        0.11609625816345215,
        -0.682317852973938,
        1.9625682830810547
      ],
      [
        0.09402942657470703,
        -0.6878387331962585,
        1.9879186153411865
      ],
      [
        0.21863555908203125,
        -0.03692859411239624,
        2.003203868865967
      ]
    ],
    "dims_lhw": [
      [
        0.29905736446380615,
        0.1420782059431076,
        0.30308181047439575
      ],
      [
        0.4938295781612396,
        0.5365974307060242,
        0.2617639899253845
      ],
      [
        0.6095635294914246,
        0.42073220014572144,
        0.09705459326505661
      ],
      [
        0.7084210515022278,
        1.0693275928497314,
        0.5649631023406982
      ],
      [
        0.29808253049850464,
        0.04575726389884949,
        0.28344234824180603
      ],
      [
        0.06366129964590073,
        0.09427939355373383,
        0.11231528967618942
      ],
      [
        1.5937519073486328,
        0.057165808975696564,
        1.9167518615722656
      ],
      [
        0.44203200936317444,
        0.32340556383132935,
        0.10282374173402786
      ],
      [
        1.3035683631896973,
        1.1037869453430176,
        0.19079618155956268
      ],
      [
        0.06192152574658394,
        0.08923664689064026,
        0.09820320457220078
      ],
      [
        1.2857847213745117,
        0.6683453321456909,
        0.5449868440628052
      ],
      [
        0.33960849046707153,
        0.2726310193538666,
        0.07534117996692657
      ],
      [
        0.11068243533372879,
        0.061741605401039124,
        0.095818892121315
      ],
      [
        0.09640775620937347,
        0.1803525686264038,
        0.1233949214220047
      ],
      [
        0.20958873629570007,
        0.040127597749233246,
        0.05282869189977646
      ],
      [
        0.10143087059259415,
        0.09096045792102814,
        0.09081527590751648
      ],
      [
        0.4829174876213074,
        0.6354696154594421,
        0.8039769530296326
      ],
      [
        0.09487219154834747,
        0.16541160643100739,
        0.11376222223043442
      ],
      [
        0.8092012405395508,
        0.6339823603630066,
        0.15985935926437378
      ],
      [
        0.12855960428714752,
        0.17750422656536102,
        0.13109178841114044
      ],
      [
        0.08515410870313644,
        0.17327676713466644,
        0.11252854019403458
      ],
      [
        1.5830157995224,
        0.6909253001213074,
        0.5278706550598145
      ]
    ],
    "R_3x3": [
      [
        [
          0.808989942073822,
          0.0,
          -0.5878224968910217
        ],
        [
          0.0,
          1.0,
          0.0
        ],
        [
          0.5878224968910217,
          0.0,
          0.808989942073822
        ]
      ],
      [
        [
          0.7813353538513184,
          0.0,
          -0.6241114735603333
        ],
        [
          0.0,
          1.0,
          0.0
        ],
        [
          0.6241114735603333,
          0.0,
          0.7813353538513184
        ]
      ],
      [
        [
          0.627912163734436,
          0.0,
          0.7782841920852661
        ],
        [
          0.0,
          1.0,
          0.0
        ],
        [
          -0.7782841920852661,
          0.0,
          0.627912163734436
        ]
      ],
      [
        [
          0.6300903558731079,
          0.0,
          0.7765218615531921
        ],
        [
          0.0,
          1.0,
          0.0
        ],
        [
          -0.7765218615531921,
          0.0,
          0.6300903558731079
        ]
      ],
      [
        [
          0.8038691282272339,
          0.0,
          -0.5948061943054199
        ],
        [
          0.0,
          1.0,
          0.0
        ],
        [
          0.5948061943054199,
          0.0,
          0.8038691282272339
        ]
      ],
      [
        [
          0.9316381216049194,
          0.0,
          -0.36338743567466736
        ],
        [
          0.0,
          1.0,
          0.0
        ],
        [
          0.36338743567466736,
          0.0,
          0.9316381216049194
        ]
      ],
      [
        [
          0.8053376078605652,
          0.0,
          -0.5928165316581726
        ],
        [
          0.0,
          1.0,
          0.0
        ],
        [
          0.5928165316581726,
          0.0,
          0.8053376078605652
        ]
      ],
      [
        [
          0.6830443739891052,
          0.0,
          0.7303768992424011
        ],
        [
          0.0,
          1.0,
          0.0
        ],
        [
          -0.7303768992424011,
          0.0,
          0.6830443739891052
        ]
      ],
      [
        [
          0.8255696892738342,
          0.0,
          -0.5643002390861511
        ],
        [
          0.0,
          1.0,
          0.0
        ],
        [
          0.5643002390861511,
          0.0,
          0.8255696892738342
        ]
      ],
      [
        [
          0.9999740123748779,
          0.0,
          0.007209326606243849
        ],
        [
          0.0,
          1.0,
          0.0
        ],
        [
          -0.007209326606243849,
          0.0,
          0.9999740123748779
        ]
      ],
      [
        [
          0.6077113747596741,
          0.0,
          0.7941579818725586
        ],
        [
          0.0,
          1.0,
          0.0
        ],
        [
          -0.7941579818725586,
          0.0,
          0.6077113747596741
        ]
      ],
      [
        [
          0.5260100960731506,
          0.0,
          0.8504783511161804
        ],
        [
          0.0,
          1.0,
          0.0
        ],
        [
          -0.8504783511161804,
          0.0,
          0.5260100960731506
        ]
      ],
      [
        [
          0.5850932598114014,
          0.0,
          0.8109660148620605
        ],
        [
          0.0,
          1.0,
          0.0
        ],
        [
          -0.8109660148620605,
          0.0,
          0.5850932598114014
        ]
      ],
      [
        [
          0.902622401714325,
          0.0,
          -0.43043333292007446
        ],
        [
          0.0,
          1.0,
          0.0
        ],
        [
          0.43043333292007446,
          0.0,
          0.902622401714325
        ]
      ],
      [
        [
          0.6117578148841858,
          0.0,
          0.7910451292991638
        ],
        [
          0.0,
          1.0,
          0.0
        ],
        [
          -0.7910451292991638,
          0.0,
          0.6117578148841858
        ]
      ],
      [
        [
          0.8068981170654297,
          0.0,
          0.5906906723976135
        ],
        [
          0.0,
          1.0,
          0.0
        ],
        [
          -0.5906906723976135,
          0.0,
          0.8068981170654297
        ]
      ],
      [
        [
          0.8087663650512695,
          0.0,
          -0.5881301164627075
        ],
        [
          0.0,
          1.0,
          0.0
        ],
        [
          0.5881301164627075,
          0.0,
          0.8087663650512695
        ]
      ],
      [
        [
          0.9028642177581787,
          0.0,
          -0.429925799369812
        ],
        [
          0.0,
          1.0,
          0.0
        ],
        [
          0.429925799369812,
          0.0,
          0.9028642177581787
        ]
      ],
      [
        [
          0.5861765742301941,
          0.0,
          0.8101833462715149
        ],
        [
          0.0,
          1.0,
          0.0
        ],
        [
          -0.8101833462715149,
          0.0,
          0.5861765742301941
        ]
      ],
      [
        [
          0.8597555756568909,
          0.0,
          -0.5107057094573975
        ],
        [
          0.0,
          1.0,
          0.0
        ],
        [
          0.5107057094573975,
          0.0,
          0.8597555756568909
        ]
      ],
      [
        [
          0.9328269362449646,
          0.0,
          -0.3603247404098511
        ],
        [
          0.0,
          1.0,
          0.0
        ],
        [
          0.3603247404098511,
          0.0,
          0.9328269362449646
        ]
      ],
      [
        [
          0.6110284328460693,
          0.0,
          0.7916086912155151
        ],
        [
          0.0,
          1.0,
          0.0
        ],
        [
          -0.7916086912155151,
          0.0,
          0.6110284328460693
        ]
      ]
    ]
  }
}