{
  "source_image": "teste/8.jpeg",
  "timestamp": null,
  "video_id": null,
  "image_size_hw": [
    1200,
    1600
  ],
  "detections": [
    {
      "bbox_xyxy": [
        610.3550415039062,
        728.2261962890625,
        930.4857788085938,
        840.4285888671875
      ],
      "score": 0.71805340051651,
      "class_id": 1
    },
    {
      "bbox_xyxy": [
        1303.2900390625,
        617.6727905273438,
        1484.869873046875,
        872.8174438476562
      ],
      "score": 0.6989840269088745,
      "class_id": 1
    },
    {
      "bbox_xyxy": [
        1302.118408203125,
        866.687255859375,
        1513.396728515625,
        993.027587890625
      ],
      "score": 0.6356418132781982,
      "class_id": 1
    },
    {
      "bbox_xyxy": [
        1058.1614990234375,
        574.6878662109375,
        1597.3638916015625,
        1199.0042724609375
      ],
      "score": 0.5596181154251099,
      "class_id": 1
    },
    {
      "bbox_xyxy": [
        781.14111328125,
        257.92291259765625,
        1346.70458984375,
        686.8019409179688
      ],
      "score": 0.5441579818725586,
      "class_id": 1
    },
    {
      "bbox_xyxy": [
        1438.162353515625,
        577.317626953125,
        1600.0,
        991.9853515625
      ],
      "score": 0.5350803732872009,
      "class_id": 1
    },
    {
      "bbox_xyxy": [
        171.10134887695312,
        330.430419921875,
        318.87213134765625,
        540.0735473632812
      ],
      "score": 0.5108071565628052,
      "class_id": 1
    },
    {
      "bbox_xyxy": [
        354.20269775390625,
        713.6058959960938,
        405.139404296875,
        777.8807983398438
      ],
      "score": 0.4794614613056183,
      "class_id": 1
    },
    {
      "bbox_xyxy": [
        710.7197265625,
        97.87689208984375,
        1352.80126953125,
        359.9286804199219
      ],
      "score": 0.46874940395355225,
      "class_id": 1
    },
    {
      "bbox_xyxy": [
        1340.533935546875,
        0.0,
        1582.879150390625,
        614.478515625
      ],
      "score": 0.4277805984020233,
      "class_id": 1
    },
    {
      "bbox_xyxy": [
        188.44482421875,
        0.49853515625,
        1386.568359375,
        262.8828430175781
      ],
      "score": 0.4057219922542572,
      "class_id": 1
    },
    {
      "bbox_xyxy": [
        396.1632995605469,
        676.0335693359375,
        441.1916198730469,
        710.05126953125
      ],
      "score": 0.3905409872531891,
      "class_id": 1
    },
    {
      "bbox_xyxy": [
        68.0458984375,
        751.0006103515625,
        989.6624755859375,
        1191.591064453125
      ],
      "score": 0.3841087818145752,
      "class_id": 1
    },
    {
      "bbox_xyxy": [
        152.468017578125,
        0.0,
        454.712646484375,
        254.2371368408203
      ],
      "score": 0.3509790301322937,
      "class_id": 1
    },
    {
      "bbox_xyxy": [
        1202.912353515625,
        858.81298828125,
        1592.6259765625,
        1196.7392578125
      ],
      "score": 0.34390586614608765,
      "class_id": 1
    },
    {
      "bbox_xyxy": [
        1399.13232421875,
        920.260986328125,
        1561.73388671875,
        1062.3974609375
      ],
      "score": 0.3345903754234314,
      "class_id": 1
    },
    {
      "bbox_xyxy": [
        1352.796630859375,
        0.0,
        1527.12646484375,
        68.12913513183594
      ],
      "score": 0.30539456009864807,
      "class_id": 1
    },
    {
      "bbox_xyxy": [
        890.729736328125,
        907.658447265625,
        1353.57568359375,
        1199.58154296875
      ],
      "score": 0.2937421500682831,
      "class_id": 1
    },
    {
      "bbox_xyxy": [
        1337.468994140625,
        590.6141967773438,
        1415.014404296875,
        629.6304321289062
      ],
      "score": 0.27244001626968384,
      "class_id": 1
    },
    {
      "bbox_xyxy": [
        1538.66259765625,
        0.0,
        1600.0,
        493.115234375
      ],
      "score": 0.2640827000141144,
      "class_id": 1
    },
    {
      "bbox_xyxy": [
        1259.6561279296875,
        871.9871826171875,
        1583.6175537109375,
        1059.1109619140625
      ],
      "score": 0.26406532526016235,
      "class_id": 1
    },
    {
      "bbox_xyxy": [
        900.2753295898438,
        880.5028076171875,
        1600.0,
        1199.0885009765625
      ],
      "score": 0.2527201473712921,
      "class_id": 1
    }
  ],
  "boxes_3d": {
    "gravity_center_xyz": [
      [
        -0.05715085193514824,
        0.4265247583389282,
        2.607665777206421
      ],
      [
        1.0099953413009644,
        0.2332371473312378,
        1.9208040237426758
      ],
      [
        0.6907362937927246,
        0.36846083402633667,
        1.289193868637085
      ],
      [
        0.5524466633796692,
        0.34344375133514404,
        1.1184391975402832
      ],
      [
        0.5656948685646057,
        -0.27804863452911377,
        2.6767396926879883
      ],
      [
        0.9985350370407104,
        0.21094071865081787,
        1.4936604499816895
      ],
      [
        -1.0408316850662231,
        -0.2939092516899109,
        2.0864148139953613
      ],
      [
        -0.828224778175354,
        0.28266239166259766,
        2.1777501106262207
      ],
      [
        0.48085081577301025,
        -0.8732756972312927,
        2.704716205596924
      ],
      [
        1.2510143518447876,
        -0.5453033447265625,
        2.0728890895843506
      ],
      [
        0.07982059568166733,
        -1.0434236526489258,
        2.1632320880889893
      ],
      [
        -0.8292170166969299,
        0.20319890975952148,
        2.400273323059082
      ],
      [
        -0.38994261622428894,
        0.8254144191741943,
        2.0857272148132324
      ],
      [
        -0.9281406402587891,
        -0.9023053050041199,
        2.1673545837402344
      ],
      [
        0.7214362025260925,
        0.6122034788131714,
        1.2577072381973267
      ],
      [
        0.6151084303855896,
        0.35972023010253906,
        1.002289891242981
      ],
      [
        1.1364494562149048,
        -1.0570541620254517,
        1.9851510524749756
      ],
      [
        0.47975754737854004,
        0.761701762676239,
        1.685677409172058
      ],
      [
        1.0981242656707764,
        0.021219253540039062,
        2.122535467147827
      ],
      [
        1.3298860788345337,
        -0.5458630323410034,
        1.8618404865264893
      ],
      [
        0.6822742223739624,
        0.3740025758743286,
        1.2269344329833984
      ],
      [
        0.6337838172912598,
        0.7464048266410828,
        1.4547560214996338
      ]
    ],
    "dims_lhw": [
      [
        0.4952884316444397,
        0.17391780018806458,
        0.4470899701118469
      ],
      [
        0.1845916360616684,
        0.39134344458580017,
        0.2880780100822449
      ],
      [
        0.16819386184215546,
        0.027260201051831245,
        0.32476112246513367
      ],
      [
        0.3533566892147064,
        0.6300554275512695,
        0.3506629467010498
      ],
      [
        1.1028410196304321,
        0.840201199054718,
        0.13405974209308624
      ],
      [
        0.11129077523946762,
        0.4217894971370697,
        0.4037598967552185
      ],
      [
        0.047461267560720444,
        0.3239409327507019,
        0.31847864389419556
      ],
      [
        0.041814420372247696,
        0.10110779851675034,
        0.14423711597919464
      ],
      [
        1.2900887727737427,
        0.3077138662338257,
        0.11805031448602676
      ],
      [
        0.30687615275382996,
        0.8984232544898987,
        0.4525192677974701
      ],
      [
        1.6421852111816406,
        0.05747615918517113,
        1.3884257078170776
      ],
      [
        0.04389405623078346,
        0.07134106755256653,
        0.13962718844413757
      ],
      [
        0.8538767695426941,
        0.7711372375488281,
        1.7550697326660156
      ],
      [
        0.6799543499946594,
        0.26286372542381287,
        0.06682360172271729
      ],
      [
        0.35007500648498535,
        0.42904579639434814,
        0.7844330072402954
      ],
      [
        0.10184095054864883,
        0.05965528264641762,
        0.14240659773349762
      ],
      [
        0.25287526845932007,
        0.06636960804462433,
        0.2121545970439911
      ],
      [
        0.4417811632156372,
        0.4336177110671997,
        0.4198397397994995
      ],
      [
        0.08982029557228088,
        0.05764424800872803,
        0.1673433929681778
      ],
      [
        0.06757958233356476,
        0.5633785128593445,
        0.5343281626701355
      ],
      [
        0.2507968842983246,
        0.0306400116533041,
        0.42726463079452515
      ],
      [
        0.587303102016449,
        0.4756726920604706,
        0.7981714606285095
      ]
    ],
    "R_3x3": [
      [
        [
          0.8951929211616516,
          0.0,
          0.4456788897514343
        ],
        [
          0.0,
          1.0,
          0.0
        ],
        [
          -0.4456788897514343,
          0.0,
          0.8951929211616516
        ]
      ],
      [
        [
          0.9574161767959595,
          0.0,
          0.2887113094329834
        ],
        [
          0.0,
          1.0,
          0.0
        ],
        [
          -0.2887113094329834,
          0.0,
          0.9574161767959595
        ]
      ],
      [
        [
          0.9647780060768127,
          0.0,
          0.2630654573440552
        ],
        [
          0.0,
          1.0,
          0.0
        ],
        [
          -0.2630654573440552,
          0.0,
          0.9647780060768127
        ]
      ],
      [
        [
          0.9260544776916504,
          0.0,
          0.37738990783691406
        ],
        [
          0.0,
          1.0,
          0.0
        ],
        [
          -0.37738990783691406,
          0.0,
          0.9260544776916504
        ]
      ],
      [
        [
          0.8836992979049683,
          0.0,
          0.4680551290512085
        ],
        [
          0.0,
          1.0,
          0.0
        ],
        [
          -0.4680551290512085,
          0.0,
          0.8836992979049683
        ]
      ],
      [
        [
          0.9627119898796082,
          0.0,
          0.2705284059047699
        ],
        [
          0.0,
          1.0,
          0.0
        ],
        [
          -0.2705284059047699,
          0.0,
          0.9627119898796082
        ]
      ],
      [
        [
          0.9570528864860535,
          0.0,
          0.2899132966995239
        ],
        [
          0.0,
          1.0,
          0.0
        ],
        [
          -0.2899132966995239,
          0.0,
          0.9570528864860535
        ]
      ],
      [
        [
          0.9918229579925537,
          0.0,
          -0.1276215761899948
        ],
        [
          0.0,
          1.0,
          0.0
        ],
        [
          0.1276215761899948,
          0.0,
          0.9918229579925537
        ]
      ],
      [
        [
          0.8686750531196594,
          0.0,
          0.4953823685646057
        ],
        [
          0.0,
          1.0,
          0.0
        ],
        [
          -0.4953823685646057,
          0.0,
          0.8686750531196594
        ]
      ],
      [
        [
          0.8821706175804138,
          0.0,
          0.470929890871048
        ],
        [
          0.0,
          1.0,
          0.0
        ],
        [
          -0.470929890871048,
          0.0,
          0.8821706175804138
        ]
      ],
      [
        [
          0.9091764688491821,
          0.0,
          0.41641101241111755
        ],
        [
          0.0,
          1.0,
          0.0
        ],
        [
          -0.41641101241111755,
          0.0,
          0.9091764688491821
        ]
      ],
      [
        [
          0.9865033626556396,
          0.0,
          -0.1637408584356308
        ],
        [
          0.0,
          1.0,
          0.0
        ],
        [
          0.1637408584356308,
          0.0,
          0.9865033626556396
        ]
      ],
      [
        [
          0.8860785365104675,
          0.0,
          0.4635351300239563
        ],
        [
          0.0,
          1.0,
          0.0
        ],
        [
          -0.4635351300239563,
          0.0,
          0.8860785365104675
        ]
      ],
      [
        [
          0.428435355424881,
          0.0,
          -0.9035724401473999
        ],
        [
          0.0,
          1.0,
          0.0
        ],
        [
          0.9035724401473999,
          0.0,
          0.428435355424881
        ]
      ],
      [
        [
          0.9121130704879761,
          0.0,
          0.4099386930465698
        ],
        [
          0.0,
          1.0,
          0.0
        ],
        [
          -0.4099386930465698,
          0.0,
          0.9121130704879761
        ]
      ],
      [
        [
          0.9145092964172363,
          0.0,
          0.40456485748291016
        ],
        [
          0.0,
          1.0,
          0.0
        ],
        [
          -0.40456485748291016,
          0.0,
          0.9145092964172363
        ]
      ],
      [
        [
          0.8646976947784424,
          0.0,
          0.5022926330566406
        ],
        [
          0.0,
          1.0,
          0.0
        ],
        [
          -0.5022926330566406,
          0.0,
          0.8646976947784424
        ]
      ],
      [
        [
          0.9025458693504333,
          0.0,
          0.43059372901916504
        ],
        [
          0.0,
          1.0,
          0.0
        ],
        [
          -0.43059372901916504,
          0.0,
          0.9025458693504333
        ]
      ],
      [
        [
          0.9436483383178711,
          0.0,
          0.33094990253448486
        ],
        [
          0.0,
          1.0,
          0.0
        ],
        [
          -0.33094990253448486,
          0.0,
          0.9436483383178711
        ]
      ],
      [
        [
          0.8897690773010254,
          0.0,
          0.4564109444618225
        ],
        [
          0.0,
          1.0,
          0.0
        ],
        [
          -0.4564109444618225,
          0.0,
          0.8897690773010254
        ]
      ],
      [
        [
          0.9382492303848267,
          0.0,
          0.3459600806236267
        ],
        [
          0.0,
          1.0,
          0.0
        ],
        [
          -0.3459600806236267,
          0.0,
          0.9382492303848267
        ]
      ],
      [
        [
          0.9014104008674622,
          0.0,
          0.4329656660556793
        ],
        [
          0.0,
          1.0,
          0.0
        ],
        [
          -0.4329656660556793,
          0.0,
          0.9014104008674622
        ]
      ]
    ]
  }
}