{
  "source_image": "teste/9.jpeg",
  "timestamp": null,
  "video_id": null,
  "image_size_hw": [
    768,
    1024
  ],
  "detections": [
    {
      "bbox_xyxy": [
        798.2114868164062,
        270.884521484375,
        1023.9993286132812,
        679.06103515625
      ],
      "score": 0.7415019869804382,
      "class_id": 1
    },
    {
      "bbox_xyxy": [
        285.66973876953125,
        267.39044189453125,
        499.50115966796875,
        359.48431396484375
      ],
      "score": 0.7102087736129761,
      "class_id": 1
    },
    {
      "bbox_xyxy": [
        731.85107421875,
        247.40634155273438,
        874.5933837890625,
        477.4230041503906
      ],
      "score": 0.710027813911438,
      "class_id": 1
    },
    {
      "bbox_xyxy": [
        723.6105346679688,
        443.5306396484375,
        848.7702026367188,
        562.51220703125
      ],
      "score": 0.7066583037376404,
      "class_id": 1
    },
    {
      "bbox_xyxy": [
        565.663818359375,
        276.05810546875,
        769.6837158203125,
        761.5064697265625
      ],
      "score": 0.6962029933929443,
      "class_id": 1
    },
    {
      "bbox_xyxy": [
        494.54876708984375,
        419.7763671875,
        658.0317993164062,
        646.4688720703125
      ],
      "score": 0.5958566665649414,
      "class_id": 1
    },
    {
      "bbox_xyxy": [
        78.41128540039062,
        295.2044982910156,
        120.98190307617188,
        339.9533386230469
      ],
      "score": 0.5829181671142578,
      "class_id": 1
    },
    {
      "bbox_xyxy": [
        399.15386962890625,
        0.0,
        795.2423706054688,
        260.1031799316406
      ],
      "score": 0.5231140851974487,
      "class_id": 1
    },
    {
      "bbox_xyxy": [
        655.22119140625,
        414.41571044921875,
        1023.9990234375,
        768.0
      ],
      "score": 0.4260689318180084,
      "class_id": 1
    },
    {
      "bbox_xyxy": [
        104.60641479492188,
        253.77117919921875,
        143.8618927001953,
        284.89764404296875
      ],
      "score": 0.4103919267654419,
      "class_id": 1
    },
    {
      "bbox_xyxy": [
        940.0662841796875,
        0.0,
        1024.0,
        251.24273681640625
      ],
      "score": 0.38945314288139343,
      "class_id": 1
    },
    {
      "bbox_xyxy": [
        0.5447998046875,
        451.67919921875,
        735.8123779296875,
        767.9786376953125
      ],
      "score": 0.3779414892196655,
      "class_id": 1
    },
    {
      "bbox_xyxy": [
        693.9185180664062,
        495.25042724609375,
        753.3158569335938,
        624.5172729492188
      ],
      "score": 0.3710991144180298,
      "class_id": 1
    },
    {
      "bbox_xyxy": [
        0.318359375,
        271.8038330078125,
        549.1036376953125,
        768.0
      ],
      "score": 0.3698754608631134,
      "class_id": 1
    },
    {
      "bbox_xyxy": [
        566.7251586914062,
        349.59619140625,
        644.6725463867188,
        482.61895751953125
      ],
      "score": 0.3325193226337433,
      "class_id": 1
    },
    {
      "bbox_xyxy": [
        977.3125610351562,
        133.04080200195312,
        1023.9848022460938,
        211.11941528320312
      ],
      "score": 0.31864625215530396,
      "class_id": 1
    },
    {
      "bbox_xyxy": [
        750.9834594726562,
        0.0,
        1019.7344360351562,
        432.16070556640625
      ],
      "score": 0.31581178307533264,
      "class_id": 1
    },
    {
      "bbox_xyxy": [
        954.6712036132812,
        136.38414001464844,
        1022.3709106445312,
        205.9162139892578
      ],
      "score": 0.31431227922439575,
      "class_id": 1
    },
    {
      "bbox_xyxy": [
        980.2489624023438,
        50.24787902832031,
        1023.9837036132812,
        113.64201354980469
      ],
      "score": 0.2920236885547638,
      "class_id": 1
    },
    {
      "bbox_xyxy": [
        768.0721435546875,
        0.0,
        873.1966552734375,
        300.08441162109375
      ],
      "score": 0.2898702919483185,
      "class_id": 1
    },
    {
      "bbox_xyxy": [
        988.135009765625,
        129.78265380859375,
        1024.0,
        217.89248657226562
      ],
      "score": 0.28767234086990356,
      "class_id": 1
    },
    {
      "bbox_xyxy": [
        994.337158203125,
        0.0,
        1024.0,
        30.948692321777344
      ],
      "score": 0.2862902879714966,
      "class_id": 1
    },
    {
      "bbox_xyxy": [
        956.6646118164062,
        138.75457763671875,
        1012.7138061523438,
        198.3221435546875
      ],
      "score": 0.27454933524131775,
      "class_id": 1
    },
    {
      "bbox_xyxy": [
        10.5728759765625,
        461.814453125,
        1000.1015625,
        768.0
      ],
      "score": 0.2632567286491394,
      "class_id": 1
    },
    {
      "bbox_xyxy": [
        746.9232177734375,
        0.0,
        1024.0,
        500.92742919921875
      ],
      "score": 0.2541162073612213,
      "class_id": 1
    },
    {
      "bbox_xyxy": [
        760.1360473632812,
        0.0,
        910.8992309570312,
        384.09869384765625
      ],
      "score": 0.2500515878200531,
      "class_id": 1
    }
  ],
  "boxes_3d": {
    "gravity_center_xyz": [
      [
        0.5760886669158936,
        0.08414888381958008,
        1.571650743484497
      ],
      [
        -0.3246924877166748,
        -0.2070399522781372,
        2.800309658050537
      ],
      [
        0.5515950918197632,
        -0.06873822212219238,
        2.0447020530700684
      ],
      [
        0.4459437131881714,
        0.18829184770584106,
        1.6973896026611328
      ],
      [
        0.2778100371360779,
        0.2516416311264038,
        1.8853522539138794
      ],
      [
        0.14862418174743652,
        0.3366527557373047,
        2.3969194889068604
      ],
      [
        -0.8615694642066956,
        -0.1373576521873474,
        2.10160493850708
      ],
      [
        0.1874173879623413,
        -0.6709350347518921,
        2.637089729309082
      ],
      [
        0.5420426726341248,
        0.463306188583374,
        1.8526092767715454
      ],
      [
        -0.8730524778366089,
        -0.2579628825187683,
        2.274151086807251
      ],
      [
        0.7294974327087402,
        -0.3881211280822754,
        1.4627351760864258
      ],
      [
        -0.1681305170059204,
        0.5494543313980103,
        2.375662088394165
      ],
      [
        0.3176039457321167,
        0.25432825088500977,
        1.5429203510284424
      ],
      [
        -0.4988532066345215,
        0.23315221071243286,
        2.3968586921691895
      ],
      [
        0.1912243366241455,
        0.06307536363601685,
        2.075071096420288
      ],
      [
        0.717322051525116,
        -0.3089335560798645,
        1.4662846326828003
      ],
      [
        0.7546350955963135,
        -0.40532705187797546,
        2.193419933319092
      ],
      [
        0.7461725473403931,
        -0.3367306888103485,
        1.5947318077087402
      ],
      [
        0.7643418312072754,
        -0.4655591547489166,
        1.5666332244873047
      ],
      [
        0.7273253202438354,
        -0.5794847011566162,
        2.4355998039245605
      ],
      [
        0.7177619934082031,
        -0.30105751752853394,
        1.4355239868164062
      ],
      [
        0.775316059589386,
        -0.5798019766807556,
        1.550632119178772
      ],
      [
        0.7498209476470947,
        -0.3431556522846222,
        1.6158533096313477
      ],
      [
        0.06411385536193848,
        0.5799645185470581,
        2.34018874168396
      ],
      [
        0.7712520360946655,
        -0.33470484614372253,
        2.1710031032562256
      ],
      [
        0.7330543994903564,
        -0.477256715297699,
        2.3797266483306885
      ]
    ],
    "dims_lhw": [
      [
        0.15338599681854248,
        0.4755595922470093,
        0.7930717468261719
      ],
      [
        0.5501803755760193,
        0.1503264158964157,
        0.41713839769363403
      ],
      [
        0.13982827961444855,
        0.4051646590232849,
        0.5840988159179688
      ],
      [
        0.181202232837677,
        0.03049982711672783,
        0.3640562891960144
      ],
      [
        0.32561278343200684,
        0.9934258460998535,
        0.3559349477291107
      ],
      [
        0.36434119939804077,
        0.5001794695854187,
        0.3461386561393738
      ],
      [
        0.05099182575941086,
        0.09540349245071411,
        0.08084901422262192
      ],
      [
        1.1749271154403687,
        0.7109849452972412,
        0.13570643961429596
      ],
      [
        0.5197389721870422,
        0.6295374631881714,
        0.8651230931282043
      ],
      [
        0.04735373333096504,
        0.05730874091386795,
        0.11015721410512924
      ],
      [
        0.07520314306020737,
        0.36096277832984924,
        0.3420327603816986
      ],
      [
        1.33692467212677,
        0.054236434400081635,
        1.620971441268921
      ],
      [
        0.07624911516904831,
        0.04142451658844948,
        0.3482688367366791
      ],
      [
        0.7966181039810181,
        0.7615117430686951,
        1.7429230213165283
      ],
      [
        0.1305178850889206,
        0.2483235001564026,
        0.21421334147453308
      ],
      [
        0.0468931719660759,
        0.12755925953388214,
        0.1462429165840149
      ],
      [
        0.37528088688850403,
        0.9600343108177185,
        0.6466492414474487
      ],
      [
        0.06028174236416817,
        0.11764740943908691,
        0.16749541461467743
      ],
      [
        0.05500316619873047,
        0.09044864773750305,
        0.17082644999027252
      ],
      [
        0.09476105123758316,
        0.74212247133255,
        0.4884192943572998
      ],
      [
        0.054635174572467804,
        0.1335649937391281,
        0.15134301781654358
      ],
      [
        0.06368302553892136,
        0.07957892119884491,
        0.17394444346427917
      ],
      [
        0.051808297634124756,
        0.10662712901830673,
        0.16359277069568634
      ],
      [
        1.8872731924057007,
        0.05458927899599075,
        1.6244279146194458
      ],
      [
        0.40416064858436584,
        1.154569387435913,
        0.7193852663040161
      ],
      [
        0.14259153604507446,
        0.9319978356361389,
        0.5538333654403687
      ]
    ],
    "R_3x3": [
      [
        [
          0.9854757785797119,
          0.0,
          0.16981622576713562
        ],
        [
          0.0,
          1.0,
          0.0
        ],
        [
          -0.16981622576713562,
          0.0,
          0.9854757785797119
        ]
      ],
      [
        [
          0.9177071452140808,
          0.0,
          0.39725759625434875
        ],
        [
          0.0,
          1.0,
          0.0
        ],
        [
          -0.39725759625434875,
          0.0,
          0.9177071452140808
        ]
      ],
      [
        [
          0.9981613159179688,
          0.0,
          0.0606137216091156
        ],
        [
          0.0,
          1.0,
          0.0
        ],
        [
          -0.0606137216091156,
          0.0,
          0.9981613159179688
        ]
      ],
      [
        [
          0.979887843132019,
          0.0,
          0.19954891502857208
        ],
        [
          0.0,
          1.0,
          0.0
        ],
        [
          -0.19954891502857208,
          0.0,
          0.979887843132019
        ]
      ],
      [
        [
          0.9491536617279053,
          0.0,
          0.3148132562637329
        ],
        [
          0.0,
          1.0,
          0.0
        ],
        [
          -0.3148132562637329,
          0.0,
          0.9491536617279053
        ]
      ],
      [
        [
          0.9399352669715881,
          0.0,
          0.34135282039642334
        ],
        [
          0.0,
          1.0,
          0.0
        ],
        [
          -0.34135282039642334,
          0.0,
          0.9399352669715881
        ]
      ],
      [
        [
          0.8082736730575562,
          0.0,
          -0.5888069868087769
        ],
        [
          0.0,
          1.0,
          0.0
        ],
        [
          0.5888069868087769,
          0.0,
          0.8082736730575562
        ]
      ],
      [
        [
          0.9479885101318359,
          0.0,
          0.31830450892448425
        ],
        [
          0.0,
          1.0,
          0.0
        ],
        [
          -0.31830450892448425,
          0.0,
          0.9479885101318359
        ]
      ],
      [
        [
          0.9666182398796082,
          0.0,
          0.25622105598449707
        ],
        [
          0.0,
          1.0,
          0.0
        ],
        [
          -0.25622105598449707,
          0.0,
          0.9666182398796082
        ]
      ],
      [
        [
          0.9926019906997681,
          0.0,
          -0.12141378968954086
        ],
        [
          0.0,
          1.0,
          0.0
        ],
        [
          0.12141378968954086,
          0.0,
          0.9926019906997681
        ]
      ],
      [
        [
          0.9627821445465088,
          0.0,
          0.2702786922454834
        ],
        [
          0.0,
          1.0,
          0.0
        ],
        [
          -0.2702786922454834,
          0.0,
          0.9627821445465088
        ]
      ],
      [
        [
          0.9299822449684143,
          0.0,
          0.36760440468788147
        ],
        [
          0.0,
          1.0,
          0.0
        ],
        [
          -0.36760440468788147,
          0.0,
          0.9299822449684143
        ]
      ],
      [
        [
          0.9742584824562073,
          0.0,
          0.22543393075466156
        ],
        [
          0.0,
          1.0,
          0.0
        ],
        [
          -0.22543393075466156,
          0.0,
          0.9742584824562073
        ]
      ],
      [
        [
          0.9122884273529053,
          0.0,
          0.4095483720302582
        ],
        [
          0.0,
          1.0,
          0.0
        ],
        [
          -0.4095483720302582,
          0.0,
          0.9122884273529053
        ]
      ],
      [
        [
          0.9756942987442017,
          0.0,
          0.21913619339466095
        ],
        [
          0.0,
          1.0,
          0.0
        ],
        [
          -0.21913619339466095,
          0.0,
          0.9756942987442017
        ]
      ],
      [
        [
          0.9284735321998596,
          0.0,
          0.37139859795570374
        ],
        [
          0.0,
          1.0,
          0.0
        ],
        [
          -0.37139859795570374,
          0.0,
          0.9284735321998596
        ]
      ],
      [
        [
          0.9595890641212463,
          0.0,
          0.2814050316810608
        ],
        [
          0.0,
          1.0,
          0.0
        ],
        [
          -0.2814050316810608,
          0.0,
          0.9595890641212463
        ]
      ],
      [
        [
          0.941622257232666,
          0.0,
          0.33667123317718506
        ],
        [
          0.0,
          1.0,
          0.0
        ],
        [
          -0.33667123317718506,
          0.0,
          0.941622257232666
        ]
      ],
      [
        [
          0.9385069608688354,
          0.0,
          0.34526026248931885
        ],
        [
          0.0,
          1.0,
          0.0
        ],
        [
          -0.34526026248931885,
          0.0,
          0.9385069608688354
        ]
      ],
      [
        [
          0.9567036032676697,
          0.0,
          0.29106399416923523
        ],
        [
          0.0,
          1.0,
          0.0
        ],
        [
          -0.29106399416923523,
          0.0,
          0.9567036032676697
        ]
      ],
      [
        [
          0.9329848885536194,
          0.0,
          0.35991552472114563
        ],
        [
          0.0,
          1.0,
          0.0
        ],
        [
          -0.35991552472114563,
          0.0,
          0.9329848885536194
        ]
      ],
      [
        [
          0.9537652134895325,
          0.0,
          0.30055275559425354
        ],
        [
          0.0,
          1.0,
          0.0
        ],
        [
          -0.30055275559425354,
          0.0,
          0.9537652134895325
        ]
      ],
      [
        [
          0.9306501150131226,
          0.0,
          0.3659103810787201
        ],
        [
          0.0,
          1.0,
          0.0
        ],
        [
          -0.3659103810787201,
          0.0,
          0.9306501150131226
        ]
      ],
      [
        [
          0.9210846424102783,
          0.0,
          0.3893623352050781
        ],
        [
          0.0,
          1.0,
          0.0
        ],
        [
          -0.3893623352050781,
          0.0,
          0.9210846424102783
        ]
      ],
      [
        [
          0.9554699063301086,
          0.0,
          0.29508861899375916
        ],
        [
          0.0,
          1.0,
          0.0
        ],
        [
          -0.29508861899375916,
          0.0,
          0.9554699063301086
        ]
      ],
      [
        [
          0.9595039486885071,
          0.0,
          0.2816951870918274
        ],
        [
          0.0,
          1.0,
          0.0
        ],
        [
          -0.2816951870918274,
          0.0,
          0.9595039486885071
        ]
      ]
    ]
  }
}