{
  "inputs": [
    "teste/17_inf.json",
    "teste/18_inf.json"
  ],
  "world_from_frames": [
    {
      "frame_index": 0,
      "s": 1.0,
      "R_3x3": [
        [
          1.0,
          0.0,
          0.0
        ],
        [
          0.0,
          1.0,
          0.0
        ],
        [
          0.0,
          0.0,
          1.0
        ]
      ],
      "t_xyz": [
        0.0,
        0.0,
        0.0
      ],
      "json": "teste/17_inf.json",
      "image": "/mnt/c/Users/NishinoTSK/Downloads/wsl/ml-cubifyanything/teste/17.jpeg"
    },
    {
      "frame_index": 1,
      "s": 1.1601330060358979,
      "R_3x3": [
        [
          -0.012859704904258251,
          0.07761195302009583,
          -0.9969006776809692
        ],
        [
          0.6182600855827332,
          -0.7829450964927673,
          -0.06893017143011093
        ],
        [
          -0.7858684062957764,
          -0.6172302961349487,
          -0.03791593387722969
        ]
      ],
      "t_xyz": [
        1.6769353151321411,
        -0.23131348192691803,
        2.3772358894348145
      ],
      "json": "teste/18_inf.json",
      "image": "/mnt/c/Users/NishinoTSK/Downloads/wsl/ml-cubifyanything/teste/18.jpeg"
    }
  ],
  "merged_boxes_3d": {
    "gravity_center_xyz": [
      [
        -0.11515796184539795,
        -1.2256052494049072,
        2.110244035720825
      ],
      [
        -0.6291173696517944,
        -0.13282456994056702,
        1.8903125524520874
      ],
      [
        -0.3925091028213501,
        -0.6385999917984009,
        2.799912452697754
      ],
      [
        -0.0968187153339386,
        0.7741890549659729,
        1.579730749130249
      ],
      [
        -0.362431138753891,
        -0.6501544713973999,
        1.9486379623413086
      ],
      [
        -0.4920719861984253,
        0.6275055408477783,
        1.986299991607666
      ],
      [
        0.26724663376808167,
        -0.6349916458129883,
        1.9762779474258423
      ],
      [
        1.10984468460083,
        -0.3612523078918457,
        1.8750128746032715
      ],
      [
        -0.08977866172790527,
        -1.3389184474945068,
        2.0084166526794434
      ],
      [
        1.1515103578567505,
        0.12331319600343704,
        1.9030327796936035
      ],
      [
        -0.7036334276199341,
        0.6645102500915527,
        2.4625539779663086
      ],
      [
        0.0896248146891594,
        -0.9827113747596741,
        1.960964322090149
      ],
      [
        -0.5168737173080444,
        0.5521506071090698,
        2.940345287322998
      ],
      [
        -0.25109362602233887,
        0.9790772199630737,
        1.6653473377227783
      ],
      [
        0.08263576030731201,
        -0.9929181337356567,
        1.6018587350845337
      ],
      [
        0.15914583206176758,
        -0.839294970035553,
        3.1495516300201416
      ]
    ],
    "dims_lhw": [
      [
        0.5214860439300537,
        0.25723257660865784,
        0.8089227080345154
      ],
      [
        0.45063984394073486,
        0.6724182367324829,
        0.11668168008327484
      ],
      [
        0.048042044043540955,
        0.7920231223106384,
        0.6084749698638916
      ],
      [
        1.2899794578552246,
        0.30547529458999634,
        0.5614451766014099
      ],
      [
        0.2508799433708191,
        0.3005942106246948,
        0.09531021118164062
      ],
      [
        0.3093053996562958,
        0.3639627695083618,
        0.11512479931116104
      ],
      [
        0.3785729706287384,
        0.2725869119167328,
        0.08743328601121902
      ],
      [
        0.4992656409740448,
        0.7420956492424011,
        0.13421358168125153
      ],
      [
        0.4584236145019531,
        0.10219904035329819,
        0.6237195134162903
      ],
      [
        0.5170726180076599,
        1.4976252317428589,
        0.14106979966163635
      ],
      [
        1.5151795148849487,
        0.1582702398300171,
        0.1244131550192833
      ],
      [
        2.4200832843780518,
        0.08914785832166672,
        0.14535242319107056
      ],
      [
        1.3359171152114868,
        0.07898066192865372,
        0.865475058555603
      ],
      [
        0.0992748960852623,
        0.30069851875305176,
        0.14114299416542053
      ],
      [
        1.5379900932312012,
        0.43252742290496826,
        1.073601245880127
      ],
      [
        0.20483115315437317,
        1.684250831604004,
        0.22089655697345734
      ]
    ],
    "R_3x3": [
      [
        [
          0.5544494390487671,
          0.07761195302009583,
          -0.828590452671051
        ],
        [
          0.5484263300895691,
          -0.7829450964927673,
          0.29364174604415894
        ],
        [
          -0.6259508728981018,
          -0.6172302961349487,
          -0.47666797041893005
        ]
      ],
      [
        [
          0.994211733341217,
          0.0,
          -0.10743850469589233
        ],
        [
          0.0,
          1.0,
          0.0
        ],
        [
          0.10743850469589233,
          0.0,
          0.994211733341217
        ]
      ],
      [
        [
          0.49799689650535583,
          0.07761195302009583,
          -0.8636986613273621
        ],
        [
          0.5667763352394104,
          -0.7829450964927673,
          0.25644007325172424
        ],
        [
          -0.6563258767127991,
          -0.6172302961349487,
          -0.4338929057121277
        ]
      ],
      [
        [
          0.9963926076889038,
          0.0,
          -0.08486321568489075
        ],
        [
          0.0,
          1.0,
          0.0
        ],
        [
          0.08486321568489075,
          0.0,
          0.9963926076889038
        ]
      ],
      [
        [
          0.9946898818016052,
          0.0,
          -0.10291744023561478
        ],
        [
          0.0,
          1.0,
          0.0
        ],
        [
          0.10291744023561478,
          0.0,
          0.9946898818016052
        ]
      ],
      [
        [
          0.40905794501304626,
          0.07761195302009583,
          -0.9092018008232117
        ],
        [
          0.5895952582359314,
          -0.7829450964927673,
          0.19842976331710815
        ],
        [
          -0.696454644203186,
          -0.6172302961349487,
          -0.3660295903682709
        ]
      ],
      [
        [
          0.9997971057891846,
          0.0,
          -0.020142145454883575
        ],
        [
          0.0,
          1.0,
          0.0
        ],
        [
          0.020142145454883575,
          0.0,
          0.9997971057891846
        ]
      ],
      [
        [
          0.9991797804832458,
          0.0,
          0.040493566542863846
        ],
        [
          0.0,
          1.0,
          0.0
        ],
        [
          -0.040493566542863846,
          0.0,
          0.9991797804832458
        ]
      ],
      [
        [
          0.5782548785209656,
          0.07761195302009583,
          -0.8121562004089355
        ],
        [
          0.5396764278411865,
          -0.7829450964927673,
          0.30942896008491516
        ],
        [
          -0.6118583679199219,
          -0.6172302961349487,
          -0.4946272373199463
        ]
      ],
      [
        [
          0.9987601041793823,
          0.0,
          -0.049781978130340576
        ],
        [
          0.0,
          1.0,
          0.0
        ],
        [
          0.049781978130340576,
          0.0,
          0.9987601041793823
        ]
      ],
      [
        [
          0.4657488763332367,
          0.07761195302009583,
          -0.8815068006515503
        ],
        [
          0.5758631825447083,
          -0.7829450964927673,
          0.23532631993293762
        ],
        [
          -0.6719074249267578,
          -0.6172302961349487,
          -0.4093497097492218
        ]
      ],
      [
        [
          0.9962404370307922,
          0.0,
          -0.0866314247250557
        ],
        [
          0.0,
          1.0,
          0.0
        ],
        [
          0.0866314247250557,
          0.0,
          0.9962404370307922
        ]
      ],
      [
        [
          0.48442554473876953,
          0.07761195302009583,
          -0.8713829517364502
        ],
        [
          0.5707183480262756,
          -0.7829450964927673,
          0.24754290282726288
        ],
        [
          -0.6630327701568604,
          -0.6172302961349487,
          -0.42357322573661804
        ]
      ],
      [
        [
          0.31355205178260803,
          0.07761195302009583,
          -0.9463939070701599
        ],
        [
          0.6068517565727234,
          -0.7829450964927673,
          0.13684970140457153
        ],
        [
          -0.7303533554077148,
          -0.6172302961349487,
          -0.2925930619239807
        ]
      ],
      [
        [
          0.45321568846702576,
          0.07761195302009583,
          -0.8880157470703125
        ],
        [
          0.5791388154029846,
          -0.7829450964927673,
          0.22714564204216003
        ],
        [
          -0.6776384115219116,
          -0.6172302961349487,
          -0.3997911512851715
        ]
      ],
      [
        [
          0.41047582030296326,
          0.07761195302009583,
          -0.9085626006126404
        ],
        [
          0.5892849564552307,
          -0.7829450964927673,
          0.1993493288755417
        ],
        [
          -0.6958827972412109,
          -0.6172302961349487,
          -0.36711564660072327
        ]
      ]
    ],
    "scores": [
      0.8436868786811829,
      0.6846103072166443,
      0.6520254015922546,
      0.6498807668685913,
      0.6461866497993469,
      0.6436616778373718,
      0.5724397897720337,
      0.46020159125328064,
      0.458941787481308,
      0.4103948175907135,
      0.3996937572956085,
      0.39056405425071716,
      0.34416478872299194,
      0.2983574867248535,
      0.25863462686538696,
      0.25374138355255127
    ]
  },
  "notes": {
    "method": "dHash mutual-best matching on 2D crops (fallback: ORB+homography bbox-center matching) + RANSAC Umeyama similarity on 3D centers, then world dedup",
    "score_thresh": 0.2
  }
}