{
  "source_image": "teste/original.jpeg",
  "timestamp": null,
  "video_id": null,
  "image_size_hw": [
    1200,
    1600
  ],
  "detections": [
    {
      "bbox_xyxy": [
        60.69537353515625,
        803.924560546875,
        594.1364135742188,
        1161.32275390625
      ],
      "score": 0.8075233101844788,
      "class_id": 1
    },
    {
      "bbox_xyxy": [
        1187.8740234375,
        109.52169799804688,
        1462.755615234375,
        329.480224609375
      ],
      "score": 0.735846996307373,
      "class_id": 1
    },
    {
      "bbox_xyxy": [
        713.69287109375,
        733.317626953125,
        1218.13427734375,
        1190.83203125
      ],
      "score": 0.7323592901229858,
      "class_id": 1
    },
    {
      "bbox_xyxy": [
        139.34368896484375,
        262.4560546875,
        418.53045654296875,
        727.2054443359375
      ],
      "score": 0.7236315608024597,
      "class_id": 1
    },
    {
      "bbox_xyxy": [
        892.1947021484375,
        197.92184448242188,
        1025.6065673828125,
        391.7370910644531
      ],
      "score": 0.6969506144523621,
      "class_id": 1
    },
    {
      "bbox_xyxy": [
        843.84326171875,
        404.75628662109375,
        1094.130126953125,
        773.7704467773438
      ],
      "score": 0.6943360567092896,
      "class_id": 1
    },
    {
      "bbox_xyxy": [
        610.8055419921875,
        447.275390625,
        805.570556640625,
        769.9102783203125
      ],
      "score": 0.613115668296814,
      "class_id": 1
    },
    {
      "bbox_xyxy": [
        1177.8170166015625,
        347.3719482421875,
        1550.4361572265625,
        779.8487548828125
      ],
      "score": 0.5921534299850464,
      "class_id": 1
    },
    {
      "bbox_xyxy": [
        0.0,
        744.1341552734375,
        1595.119384765625,
        1199.6522216796875
      ],
      "score": 0.5335599780082703,
      "class_id": 1
    },
    {
      "bbox_xyxy": [
        110.672607421875,
        0.0,
        1149.208740234375,
        200.71597290039062
      ],
      "score": 0.37604090571403503,
      "class_id": 1
    },
    {
      "bbox_xyxy": [
        68.6021728515625,
        937.99169921875,
        584.5068359375,
        1197.644287109375
      ],
      "score": 0.34216102957725525,
      "class_id": 1
    },
    {
      "bbox_xyxy": [
        118.855224609375,
        984.17578125,
        650.282470703125,
        1199.5078125
      ],
      "score": 0.33103927969932556,
      "class_id": 1
    }
  ],
  "boxes_3d": {
    "gravity_center_xyz": [
      [
        -0.6688511967658997,
        0.4957553744316101,
        1.6162596940994263
      ],
      [
        0.85139000415802,
        -0.6231560111045837,
        1.816932201385498
      ],
      [
        0.22674523293972015,
        0.4528576731681824,
        1.5308207273483276
      ],
      [
        -0.8660243153572083,
        -0.16949480772018433,
        1.9025354385375977
      ],
      [
        0.2847641110420227,
        -0.5562902092933655,
        2.0000970363616943
      ],
      [
        0.28205737471580505,
        -0.020452380180358887,
        1.9119768142700195
      ],
      [
        -0.1740783005952835,
        0.010967373847961426,
        2.0315074920654297
      ],
      [
        0.8555464744567871,
        -0.058717429637908936,
        1.7261782884597778
      ],
      [
        -0.12471093982458115,
        0.6202552914619446,
        1.14272141456604
      ],
      [
        -0.2739914357662201,
        -0.9833471179008484,
        1.8355813026428223
      ],
      [
        -0.6668312549591064,
        0.6561287641525269,
        1.6022939682006836
      ],
      [
        -0.5622339844703674,
        0.6764441132545471,
        1.5504435300827026
      ]
    ],
    "dims_lhw": [
      [
        0.5718825459480286,
        0.3547401428222656,
        0.3861120343208313
      ],
      [
        0.3870342969894409,
        0.26777029037475586,
        0.09003353863954544
      ],
      [
        0.49059104919433594,
        0.46453773975372314,
        0.34753796458244324
      ],
      [
        0.4761209785938263,
        0.6542958617210388,
        0.057530201971530914
      ],
      [
        0.2366795390844345,
        0.3054220676422119,
        0.07395362854003906
      ],
      [
        0.3957407772541046,
        0.557319164276123,
        0.08728011697530746
      ],
      [
        0.32960644364356995,
        0.5343520641326904,
        0.0771404504776001
      ],
      [
        0.44415992498397827,
        0.58772873878479,
        0.09133099019527435
      ],
      [
        1.5549031496047974,
        0.6693457961082458,
        1.2246593236923218
      ],
      [
        1.153157114982605,
        0.05617239698767662,
        0.7495948076248169
      ],
      [
        0.5312221646308899,
        0.181892529129982,
        0.38335558772087097
      ],
      [
        0.5110322833061218,
        0.14206287264823914,
        0.35967111587524414
      ]
    ],
    "R_3x3": [
      [
        [
          0.645055890083313,
          0.0,
          -0.7641354203224182
        ],
        [
          0.0,
          1.0,
          0.0
        ],
        [
          0.7641354203224182,
          0.0,
          0.645055890083313
        ]
      ],
      [
        [
          0.9026246070861816,
          0.0,
          0.4304286241531372
        ],
        [
          0.0,
          1.0,
          0.0
        ],
        [
          -0.4304286241531372,
          0.0,
          0.9026246070861816
        ]
      ],
      [
        [
          0.8644437193870544,
          0.0,
          0.5027296543121338
        ],
        [
          0.0,
          1.0,
          0.0
        ],
        [
          -0.5027296543121338,
          0.0,
          0.8644437193870544
        ]
      ],
      [
        [
          0.5378549098968506,
          0.0,
          -0.8430374264717102
        ],
        [
          0.0,
          1.0,
          0.0
        ],
        [
          0.8430374264717102,
          0.0,
          0.5378549098968506
        ]
      ],
      [
        [
          0.9094930291175842,
          0.0,
          0.4157191514968872
        ],
        [
          0.0,
          1.0,
          0.0
        ],
        [
          -0.4157191514968872,
          0.0,
          0.9094930291175842
        ]
      ],
      [
        [
          0.889753520488739,
          0.0,
          0.45644134283065796
        ],
        [
          0.0,
          1.0,
          0.0
        ],
        [
          -0.45644134283065796,
          0.0,
          0.889753520488739
        ]
      ],
      [
        [
          0.9103633761405945,
          0.0,
          0.41380977630615234
        ],
        [
          0.0,
          1.0,
          0.0
        ],
        [
          -0.41380977630615234,
          0.0,
          0.9103633761405945
        ]
      ],
      [
        [
          0.8806045055389404,
          0.0,
          0.4738519787788391
        ],
        [
          0.0,
          1.0,
          0.0
        ],
        [
          -0.4738519787788391,
          0.0,
          0.8806045055389404
        ]
      ],
      [
        [
          0.8648219704627991,
          0.0,
          0.5020785927772522
        ],
        [
          0.0,
          1.0,
          0.0
        ],
        [
          -0.5020785927772522,
          0.0,
          0.8648219704627991
        ]
      ],
      [
        [
          0.8711376190185547,
          0.0,
          0.491038978099823
        ],
        [
          0.0,
          1.0,
          0.0
        ],
        [
          -0.491038978099823,
          0.0,
          0.8711376190185547
        ]
      ],
      [
        [
          0.6183937191963196,
          0.0,
          -0.7858684659004211
        ],
        [
          0.0,
          1.0,
          0.0
        ],
        [
          0.7858684659004211,
          0.0,
          0.6183937191963196
        ]
      ],
      [
        [
          0.5690008997917175,
          0.0,
          -0.8223369717597961
        ],
        [
          0.0,
          1.0,
          0.0
        ],
        [
          0.8223369717597961,
          0.0,
          0.5690008997917175
        ]
      ]
    ]
  }
}