{
  "source_pano": "teste/19.jpeg",
  "views": [
    {
      "index": 0,
      "yaw_deg": 0.0,
      "pitch_deg": 0.0,
      "view_image": "teste/pano_views/view_00_yaw0.png"
    },
    {
      "index": 1,
      "yaw_deg": 30.0,
      "pitch_deg": 0.0,
      "view_image": "teste/pano_views/view_01_yaw30.png"
    },
    {
      "index": 2,
      "yaw_deg": 60.0,
      "pitch_deg": 0.0,
      "view_image": "teste/pano_views/view_02_yaw60.png"
    },
    {
      "index": 3,
      "yaw_deg": 90.0,
      "pitch_deg": 0.0,
      "view_image": "teste/pano_views/view_03_yaw90.png"
    },
    {
      "index": 4,
      "yaw_deg": 120.0,
      "pitch_deg": 0.0,
      "view_image": "teste/pano_views/view_04_yaw120.png"
    },
    {
      "index": 5,
      "yaw_deg": 150.0,
      "pitch_deg": 0.0,
      "view_image": "teste/pano_views/view_05_yaw150.png"
    },
    {
      "index": 6,
      "yaw_deg": 180.0,
      "pitch_deg": 0.0,
      "view_image": "teste/pano_views/view_06_yaw180.png"
    },
    {
      "index": 7,
      "yaw_deg": 210.0,
      "pitch_deg": 0.0,
      "view_image": "teste/pano_views/view_07_yaw210.png"
    },
    {
      "index": 8,
      "yaw_deg": 240.0,
      "pitch_deg": 0.0,
      "view_image": "teste/pano_views/view_08_yaw240.png"
    },
    {
      "index": 9,
      "yaw_deg": 270.0,
      "pitch_deg": 0.0,
      "view_image": "teste/pano_views/view_09_yaw270.png"
    },
    {
      "index": 10,
      "yaw_deg": 300.0,
      "pitch_deg": 0.0,
      "view_image": "teste/pano_views/view_10_yaw300.png"
    },
    {
      "index": 11,
      "yaw_deg": 330.0,
      "pitch_deg": 0.0,
      "view_image": "teste/pano_views/view_11_yaw330.png"
    }
  ],
  "merged_boxes_3d": {
    "gravity_center_xyz": [
      [
        -1.0967624187469482,
        -0.2232627421617508,
        -0.0322333388030529
      ],
      [
        -1.1124932765960693,
        -0.2324163317680359,
        -0.42109447717666626
      ],
      [
        -0.09151681512594223,
        -0.6573774814605713,
        1.3559085130691528
      ],
      [
        0.06477068364620209,
        -0.4641765356063843,
        -1.5133056640625
      ],
      [
        -1.1824520826339722,
        -0.47135043144226074,
        -1.0872398614883423
      ],
      [
        -1.4117703437805176,
        0.4244633913040161,
        -1.1804190874099731
      ],
      [
        -1.4428441524505615,
        -0.4363168478012085,
        -1.2192753553390503
      ],
      [
        1.3936764001846313,
        -0.26818835735321045,
        -1.0483638048171997
      ],
      [
        -1.186143398284912,
        0.3371281623840332,
        -0.9621070623397827
      ],
      [
        0.24359512329101562,
        -0.14307332038879395,
        1.9706441164016724
      ],
      [
        -0.5905224084854126,
        0.9756590723991394,
        -1.0622684955596924
      ],
      [
        0.07282392680644989,
        -0.6469745635986328,
        1.2907437086105347
      ],
      [
        -0.6351667046546936,
        -0.7028357982635498,
        1.3289847373962402
      ],
      [
        -0.07617691904306412,
        0.8103002309799194,
        1.2214605808258057
      ],
      [
        -0.5910266041755676,
        -0.7470400333404541,
        1.48550283908844
      ],
      [
        0.4787263572216034,
        -0.41149449348449707,
        -1.6760895252227783
      ],
      [
        0.6398232579231262,
        -0.557554304599762,
        0.6240127682685852
      ],
      [
        -0.9083986878395081,
        -1.1248120069503784,
        -1.826296091079712
      ],
      [
        0.5703549981117249,
        0.9517880082130432,
        -0.8919481635093689
      ],
      [
        0.32725846767425537,
        -0.4894734025001526,
        1.2434414625167847
      ],
      [
        -0.5815401673316956,
        -0.5793182253837585,
        1.1998575925827026
      ],
      [
        -0.14270776510238647,
        -0.5500420331954956,
        -1.412226915359497
      ],
      [
        0.8415654301643372,
        -0.24344402551651,
        -0.6483640074729919
      ],
      [
        0.7980234622955322,
        -0.545031726360321,
        0.29335474967956543
      ],
      [
        0.99286288022995,
        -0.2402637004852295,
        1.4984807968139648
      ],
      [
        -0.7812229990959167,
        -0.1811465322971344,
        0.2649178206920624
      ],
      [
        0.5436489582061768,
        -0.7465537190437317,
        -1.408939242362976
      ],
      [
        1.3097405433654785,
        -0.8851175308227539,
        -0.19587162137031555
      ],
      [
        -0.7695081233978271,
        -1.1935359239578247,
        -1.393293023109436
      ],
      [
        -0.3486318588256836,
        -0.9513667821884155,
        -1.3441890478134155
      ],
      [
        0.29943352937698364,
        0.8095898628234863,
        1.0599004030227661
      ],
      [
        1.32224702835083,
        -0.36782306432724,
        -0.9904688000679016
      ],
      [
        -0.6061739325523376,
        -0.9160881042480469,
        -1.8109503984451294
      ],
      [
        -0.4992368817329407,
        -0.4881700873374939,
        1.1400978565216064
      ],
      [
        0.15064267814159393,
        -0.16516496241092682,
        1.7138876914978027
      ],
      [
        1.3583717346191406,
        -0.9525909423828125,
        -0.42793986201286316
      ],
      [
        1.6321167945861816,
        0.3591545820236206,
        1.5263808965682983
      ],
      [
        0.9128361940383911,
        -0.2295452356338501,
        1.2957955598831177
      ],
      [
        -0.3109503984451294,
        -0.3171480894088745,
        1.407257318496704
      ],
      [
        0.661410927772522,
        -0.49021393060684204,
        0.6590138077735901
      ],
      [
        0.1703052520751953,
        -0.7168022990226746,
        -1.1130647659301758
      ],
      [
        -0.5785633325576782,
        0.8760662078857422,
        1.6831121444702148
      ],
      [
        1.4955074787139893,
        -0.782975435256958,
        -0.17453700304031372
      ],
      [
        1.0348131656646729,
        -0.3040831387042999,
        1.4709694385528564
      ],
      [
        1.2100119590759277,
        -0.2895047664642334,
        -0.6882007122039795
      ],
      [
        -0.6330761909484863,
        -0.8279300332069397,
        -1.8288168907165527
      ],
      [
        0.1449950933456421,
        -0.4818176031112671,
        1.5754201412200928
      ],
      [
        0.8664626479148865,
        -0.18316638469696045,
        3.0812995433807373
      ],
      [
        0.8440927863121033,
        -0.45372480154037476,
        -0.09574940800666809
      ],
      [
        0.9441267251968384,
        -0.5603066086769104,
        0.12201613187789917
      ],
      [
        0.39793717861175537,
        -0.6289734840393066,
        -1.3768043518066406
      ],
      [
        -0.2771555781364441,
        -0.9939600229263306,
        -1.4643878936767578
      ],
      [
        0.8965372443199158,
        -0.570783257484436,
        0.8615427017211914
      ],
      [
        0.35118094086647034,
        -0.5231764912605286,
        1.237695574760437
      ],
      [
        0.18000775575637817,
        -0.3582821488380432,
        1.8338243961334229
      ],
      [
        -0.5893095135688782,
        -0.5471575856208801,
        2.05482816696167
      ],
      [
        0.5077770352363586,
        -0.5400204062461853,
        0.797968864440918
      ],
      [
        0.3497246503829956,
        -0.23627996444702148,
        2.054302453994751
      ],
      [
        0.2923629879951477,
        -0.5108947157859802,
        0.7151587605476379
      ],
      [
        1.3403639793395996,
        -0.8506366610527039,
        -0.0878763198852539
      ]
    ],
    "dims_lhw": [
      [
        0.6574133038520813,
        0.5498932003974915,
        0.09074684232473373
      ],
      [
        0.32659879326820374,
        0.5584121346473694,
        0.05676016956567764
      ],
      [
        0.2409123331308365,
        0.26162612438201904,
        0.2895200252532959
      ],
      [
        0.5831160545349121,
        0.4702717959880829,
        0.10300915688276291
      ],
      [
        0.3774489760398865,
        1.0423105955123901,
        0.10183393955230713
      ],
      [
        0.5562306046485901,
        0.03792037069797516,
        0.23590035736560822
      ],
      [
        0.17632898688316345,
        1.0261446237564087,
        0.3119984567165375
      ],
      [
        0.37841796875,
        0.8523882627487183,
        0.21356980502605438
      ],
      [
        0.21684245765209198,
        0.03954815864562988,
        0.4405827522277832
      ],
      [
        0.3017737567424774,
        0.15942133963108063,
        0.16259194910526276
      ],
      [
        1.0509166717529297,
        0.4296468496322632,
        0.8223705887794495
      ],
      [
        0.44654789566993713,
        0.30805832147598267,
        0.31116995215415955
      ],
      [
        0.08195328712463379,
        0.0677109807729721,
        0.16086165606975555
      ],
      [
        0.8175789713859558,
        0.6229058504104614,
        0.9853870272636414
      ],
      [
        0.9720417261123657,
        0.07155781239271164,
        0.4245664179325104
      ],
      [
        0.13456784188747406,
        0.43984347581863403,
        0.17501457035541534
      ],
      [
        0.07745310664176941,
        0.1841474324464798,
        0.16928739845752716
      ],
      [
        0.07927078008651733,
        0.0951593741774559,
        0.17054493725299835
      ],
      [
        1.2152444124221802,
        0.5044870972633362,
        0.8623374700546265
      ],
      [
        0.7467946410179138,
        0.4079619348049164,
        0.26286694407463074
      ],
      [
        0.31313222646713257,
        0.19543005526065826,
        0.5092576146125793
      ],
      [
        0.8381772041320801,
        0.5461792945861816,
        0.1125747337937355
      ],
      [
        0.2416938692331314,
        0.5974820852279663,
        0.1961611807346344
      ],
      [
        0.051807355135679245,
        0.12651517987251282,
        0.1267634630203247
      ],
      [
        0.10432412475347519,
        0.8125039339065552,
        0.5149534940719604
      ],
      [
        0.19083379209041595,
        0.44443315267562866,
        0.06857486814260483
      ],
      [
        0.7441982626914978,
        0.25555139780044556,
        0.19182005524635315
      ],
      [
        0.3071918189525604,
        0.16014540195465088,
        0.24379362165927887
      ],
      [
        0.10008926689624786,
        0.17327271401882172,
        0.15469515323638916
      ],
      [
        0.42882654070854187,
        0.16472993791103363,
        0.20170369744300842
      ],
      [
        0.8756691813468933,
        0.5970403552055359,
        1.3126516342163086
      ],
      [
        0.4245045483112335,
        0.9359676241874695,
        0.12216132134199142
      ],
      [
        0.2984689772129059,
        0.22211439907550812,
        0.3025285005569458
      ],
      [
        0.1443859487771988,
        0.15561221539974213,
        0.6917239427566528
      ],
      [
        0.5270987153053284,
        0.2560780644416809,
        0.17879460752010345
      ],
      [
        0.10102308541536331,
        0.1165180653333664,
        0.23665006458759308
      ],
      [
        0.4742182195186615,
        0.04748156666755676,
        0.2974066734313965
      ],
      [
        0.37152811884880066,
        0.7343607544898987,
        0.18931244313716888
      ],
      [
        0.1296474039554596,
        0.2228892594575882,
        0.3601597547531128
      ],
      [
        0.10258803516626358,
        0.2876817584037781,
        0.1868741512298584
      ],
      [
        0.8633421063423157,
        0.2810761332511902,
        0.5254413485527039
      ],
      [
        1.143845558166504,
        0.5440581440925598,
        0.47161027789115906
      ],
      [
        0.2932059168815613,
        0.24770395457744598,
        0.25134703516960144
      ],
      [
        0.6052713394165039,
        0.8501337170600891,
        0.20472507178783417
      ],
      [
        0.6307839155197144,
        1.046132206916809,
        0.17709557712078094
      ],
      [
        0.20410999655723572,
        0.11504743248224258,
        0.2123265266418457
      ],
      [
        0.5976606607437134,
        0.5449524521827698,
        0.4127413332462311
      ],
      [
        0.20767465233802795,
        0.33789366483688354,
        1.016470193862915
      ],
      [
        0.19577619433403015,
        0.20012038946151733,
        0.13229265809059143
      ],
      [
        0.6857454180717468,
        0.28420862555503845,
        0.2096143513917923
      ],
      [
        1.0886679887771606,
        0.5515516400337219,
        0.1590089648962021
      ],
      [
        0.6251035332679749,
        0.19362133741378784,
        0.19563688337802887
      ],
      [
        0.18316513299942017,
        0.2678227126598358,
        0.2535151243209839
      ],
      [
        0.8325368165969849,
        0.5164458751678467,
        0.33954617381095886
      ],
      [
        0.5015056729316711,
        0.13297827541828156,
        0.19427058100700378
      ],
      [
        0.23026354610919952,
        0.2353372573852539,
        0.23638685047626495
      ],
      [
        0.2507563531398773,
        0.3000199794769287,
        0.24367766082286835
      ],
      [
        0.7120151519775391,
        0.33617982268333435,
        0.3033200800418854
      ],
      [
        0.5598136186599731,
        0.337422251701355,
        0.49325400590896606
      ],
      [
        0.13742075860500336,
        0.12901172041893005,
        0.1996772587299347
      ]
    ],
    "R_3x3": [
      [
        [
          0.27957820892333984,
          0.0,
          -0.9601229429244995
        ],
        [
          0.0,
          1.0,
          0.0
        ],
        [
          0.9601229429244995,
          0.0,
          0.27957820892333984
        ]
      ],
      [
        [
          0.12391644716262817,
          0.0,
          -0.9922926425933838
        ],
        [
          0.0,
          1.0,
          0.0
        ],
        [
          0.9922926425933838,
          0.0,
          0.12391643971204758
        ]
      ],
      [
        [
          0.9575757384300232,
          0.0,
          0.28818172216415405
        ],
        [
          0.0,
          1.0,
          0.0
        ],
        [
          -0.28818172216415405,
          0.0,
          0.9575757384300232
        ]
      ],
      [
        [
          -0.9625791311264038,
          0.0,
          -0.27100101113319397
        ],
        [
          0.0,
          1.0,
          0.0
        ],
        [
          0.27100101113319397,
          0.0,
          -0.962579071521759
        ]
      ],
      [
        [
          0.25164487957954407,
          0.0,
          -0.9678196310997009
        ],
        [
          0.0,
          1.0,
          0.0
        ],
        [
          0.9678196907043457,
          0.0,
          0.25164487957954407
        ]
      ],
      [
        [
          0.2593046724796295,
          0.0,
          -0.9657955765724182
        ],
        [
          0.0,
          1.0,
          0.0
        ],
        [
          0.9657955765724182,
          0.0,
          0.2593046724796295
        ]
      ],
      [
        [
          0.29934221506118774,
          0.0,
          -0.9541458487510681
        ],
        [
          0.0,
          1.0,
          0.0
        ],
        [
          0.9541458487510681,
          0.0,
          0.29934221506118774
        ]
      ],
      [
        [
          -0.17529088258743286,
          0.0,
          0.9845166802406311
        ],
        [
          0.0,
          1.0,
          0.0
        ],
        [
          -0.9845166802406311,
          0.0,
          -0.17529088258743286
        ]
      ],
      [
        [
          -0.9981464147567749,
          0.0,
          -0.06085851788520813
        ],
        [
          0.0,
          1.0,
          0.0
        ],
        [
          0.06085852533578873,
          0.0,
          -0.9981464147567749
        ]
      ],
      [
        [
          0.9963372349739075,
          0.0,
          0.08551111817359924
        ],
        [
          0.0,
          1.0,
          0.0
        ],
        [
          -0.08551111072301865,
          0.0,
          0.9963372349739075
        ]
      ],
      [
        [
          0.2825985848903656,
          0.0,
          -0.9592382907867432
        ],
        [
          0.0,
          1.0,
          0.0
        ],
        [
          0.9592382907867432,
          0.0,
          0.2825985848903656
        ]
      ],
      [
        [
          0.9693681597709656,
          0.0,
          0.24561238288879395
        ],
        [
          0.0,
          1.0,
          0.0
        ],
        [
          -0.24561239778995514,
          0.0,
          0.9693681597709656
        ]
      ],
      [
        [
          0.2829294502735138,
          0.0,
          -0.9591407179832458
        ],
        [
          0.0,
          1.0,
          0.0
        ],
        [
          0.9591407179832458,
          0.0,
          0.2829294204711914
        ]
      ],
      [
        [
          0.9775729775428772,
          0.0,
          0.2105972170829773
        ],
        [
          0.0,
          1.0,
          0.0
        ],
        [
          -0.2105972319841385,
          0.0,
          0.9775729775428772
        ]
      ],
      [
        [
          -0.05203763395547867,
          0.0,
          -0.9986450672149658
        ],
        [
          0.0,
          1.0,
          0.0
        ],
        [
          0.9986450672149658,
          0.0,
          -0.05203762650489807
        ]
      ],
      [
        [
          -0.9372538328170776,
          0.0,
          0.34864774346351624
        ],
        [
          0.0,
          1.0,
          0.0
        ],
        [
          -0.34864771366119385,
          0.0,
          -0.9372538328170776
        ]
      ],
      [
        [
          0.060868583619594574,
          0.0,
          0.9981457591056824
        ],
        [
          0.0,
          1.0,
          0.0
        ],
        [
          -0.9981457591056824,
          0.0,
          0.060868583619594574
        ]
      ],
      [
        [
          -0.6370707154273987,
          0.0,
          -0.770805299282074
        ],
        [
          0.0,
          1.0,
          0.0
        ],
        [
          0.770805299282074,
          0.0,
          -0.6370707154273987
        ]
      ],
      [
        [
          -0.9787071347236633,
          0.0,
          -0.2052617371082306
        ],
        [
          0.0,
          1.0,
          0.0
        ],
        [
          0.2052617073059082,
          0.0,
          -0.9787071347236633
        ]
      ],
      [
        [
          0.9197322130203247,
          0.0,
          0.39254632592201233
        ],
        [
          0.0,
          1.0,
          0.0
        ],
        [
          -0.39254632592201233,
          0.0,
          0.9197322130203247
        ]
      ],
      [
        [
          0.980488657951355,
          0.0,
          0.19657567143440247
        ],
        [
          0.0,
          1.0,
          0.0
        ],
        [
          -0.19657570123672485,
          0.0,
          0.980488657951355
        ]
      ],
      [
        [
          -0.9852962493896484,
          0.0,
          0.17085465788841248
        ],
        [
          0.0,
          1.0,
          0.0
        ],
        [
          -0.1708546280860901,
          0.0,
          -0.9852962493896484
        ]
      ],
      [
        [
          -0.447223424911499,
          0.0,
          0.8944222927093506
        ],
        [
          0.0,
          1.0,
          0.0
        ],
        [
          -0.8944222927093506,
          0.0,
          -0.447223424911499
        ]
      ],
      [
        [
          0.43969324231147766,
          0.0,
          0.8981480002403259
        ],
        [
          0.0,
          1.0,
          0.0
        ],
        [
          -0.8981480002403259,
          0.0,
          0.43969324231147766
        ]
      ],
      [
        [
          0.9973499774932861,
          0.0,
          0.07275310158729553
        ],
        [
          0.0,
          1.0,
          0.0
        ],
        [
          -0.07275308668613434,
          0.0,
          0.9973499774932861
        ]
      ],
      [
        [
          0.09053307771682739,
          0.0,
          -0.9958934783935547
        ],
        [
          0.0,
          1.0,
          0.0
        ],
        [
          0.9958934783935547,
          0.0,
          0.09053307771682739
        ]
      ],
      [
        [
          -0.9920841455459595,
          0.0,
          0.12557488679885864
        ],
        [
          0.0,
          1.0,
          0.0
        ],
        [
          -0.12557487189769745,
          0.0,
          -0.9920841455459595
        ]
      ],
      [
        [
          -0.07955731451511383,
          0.0,
          0.9968302845954895
        ],
        [
          0.0,
          1.0,
          0.0
        ],
        [
          -0.9968302249908447,
          0.0,
          -0.07955729961395264
        ]
      ],
      [
        [
          -0.9887816309928894,
          0.0,
          -0.14936798810958862
        ],
        [
          0.0,
          1.0,
          0.0
        ],
        [
          0.14936798810958862,
          0.0,
          -0.9887816309928894
        ]
      ],
      [
        [
          -0.9364814162254333,
          0.0,
          -0.3507172167301178
        ],
        [
          0.0,
          1.0,
          0.0
        ],
        [
          0.3507172167301178,
          0.0,
          -0.9364814162254333
        ]
      ],
      [
        [
          0.9996545314788818,
          0.0,
          -0.026283979415893555
        ],
        [
          0.0,
          1.0,
          0.0
        ],
        [
          0.02628396637737751,
          0.0,
          0.9996545314788818
        ]
      ],
      [
        [
          -0.2158890962600708,
          0.0,
          0.9764178991317749
        ],
        [
          0.0,
          1.0,
          0.0
        ],
        [
          -0.9764178991317749,
          0.0,
          -0.215889111161232
        ]
      ],
      [
        [
          -0.9891202449798584,
          0.0,
          -0.147109717130661
        ],
        [
          0.0,
          1.0,
          0.0
        ],
        [
          0.14710968732833862,
          0.0,
          -0.9891202449798584
        ]
      ],
      [
        [
          0.9766454100608826,
          0.0,
          0.21485738456249237
        ],
        [
          0.0,
          1.0,
          0.0
        ],
        [
          -0.21485738456249237,
          0.0,
          0.9766454100608826
        ]
      ],
      [
        [
          0.960052490234375,
          0.0,
          0.27982020378112793
        ],
        [
          0.0,
          1.0,
          0.0
        ],
        [
          -0.27982017397880554,
          0.0,
          0.960052490234375
        ]
      ],
      [
        [
          -0.37078264355659485,
          0.0,
          0.9287196397781372
        ],
        [
          0.0,
          1.0,
          0.0
        ],
        [
          -0.9287196397781372,
          0.0,
          -0.37078261375427246
        ]
      ],
      [
        [
          -0.278281569480896,
          0.0,
          0.9604995250701904
        ],
        [
          0.0,
          1.0,
          0.0
        ],
        [
          -0.9604995250701904,
          0.0,
          -0.278281569480896
        ]
      ],
      [
        [
          0.6765233278274536,
          0.0,
          0.7364212274551392
        ],
        [
          0.0,
          1.0,
          0.0
        ],
        [
          -0.7364212274551392,
          0.0,
          0.6765233278274536
        ]
      ],
      [
        [
          0.9606497883796692,
          0.0,
          0.27776241302490234
        ],
        [
          0.0,
          1.0,
          0.0
        ],
        [
          -0.27776241302490234,
          0.0,
          0.9606497883796692
        ]
      ],
      [
        [
          0.35966169834136963,
          0.0,
          0.9330827593803406
        ],
        [
          0.0,
          1.0,
          0.0
        ],
        [
          -0.9330827593803406,
          0.0,
          0.35966169834136963
        ]
      ],
      [
        [
          -0.9588744640350342,
          0.0,
          -0.2838306128978729
        ],
        [
          0.0,
          1.0,
          0.0
        ],
        [
          0.2838306128978729,
          0.0,
          -0.9588744640350342
        ]
      ],
      [
        [
          -0.03641688451170921,
          0.0,
          -0.9993367195129395
        ],
        [
          0.0,
          1.0,
          0.0
        ],
        [
          0.9993367195129395,
          0.0,
          -0.03641688823699951
        ]
      ],
      [
        [
          -0.08381668478250504,
          0.0,
          0.99648118019104
        ],
        [
          0.0,
          1.0,
          0.0
        ],
        [
          -0.99648118019104,
          0.0,
          -0.08381667733192444
        ]
      ],
      [
        [
          -0.1356668919324875,
          0.0,
          0.9907545447349548
        ],
        [
          0.0,
          1.0,
          0.0
        ],
        [
          -0.9907544851303101,
          0.0,
          -0.1356668770313263
        ]
      ],
      [
        [
          -0.13978999853134155,
          0.0,
          0.9901812076568604
        ],
        [
          0.0,
          1.0,
          0.0
        ],
        [
          -0.9901812076568604,
          0.0,
          -0.13978996872901917
        ]
      ],
      [
        [
          -0.9610922336578369,
          0.0,
          -0.276227742433548
        ],
        [
          0.0,
          1.0,
          0.0
        ],
        [
          0.276227742433548,
          0.0,
          -0.9610922336578369
        ]
      ],
      [
        [
          0.9733015894889832,
          0.0,
          0.22953006625175476
        ],
        [
          0.0,
          1.0,
          0.0
        ],
        [
          -0.22953008115291595,
          0.0,
          0.9733015894889832
        ]
      ],
      [
        [
          0.7913808822631836,
          0.0,
          0.6113234162330627
        ],
        [
          0.0,
          1.0,
          0.0
        ],
        [
          -0.6113234162330627,
          0.0,
          0.7913808822631836
        ]
      ],
      [
        [
          -0.12995518743991852,
          0.0,
          0.9915198683738708
        ],
        [
          0.0,
          1.0,
          0.0
        ],
        [
          -0.9915198087692261,
          0.0,
          -0.12995517253875732
        ]
      ],
      [
        [
          -0.37414225935935974,
          0.0,
          0.9273713231086731
        ],
        [
          0.0,
          1.0,
          0.0
        ],
        [
          -0.9273713231086731,
          0.0,
          -0.37414225935935974
        ]
      ],
      [
        [
          -0.9614120721817017,
          0.0,
          -0.27511245012283325
        ],
        [
          0.0,
          1.0,
          0.0
        ],
        [
          0.27511242032051086,
          0.0,
          -0.9614120721817017
        ]
      ],
      [
        [
          -0.9973205327987671,
          0.0,
          0.07315543293952942
        ],
        [
          0.0,
          1.0,
          0.0
        ],
        [
          -0.07315544039011002,
          0.0,
          -0.9973205327987671
        ]
      ],
      [
        [
          -0.16763712465763092,
          0.0,
          0.9858487844467163
        ],
        [
          0.0,
          1.0,
          0.0
        ],
        [
          -0.9858487844467163,
          0.0,
          -0.16763712465763092
        ]
      ],
      [
        [
          0.9994487762451172,
          0.0,
          -0.03319677710533142
        ],
        [
          0.0,
          1.0,
          0.0
        ],
        [
          0.03319678455591202,
          0.0,
          0.9994487762451172
        ]
      ],
      [
        [
          0.9635927677154541,
          0.0,
          0.2673742175102234
        ],
        [
          0.0,
          1.0,
          0.0
        ],
        [
          -0.2673742175102234,
          0.0,
          0.9635928273200989
        ]
      ],
      [
        [
          0.12381012737751007,
          0.0,
          -0.9923059344291687
        ],
        [
          0.0,
          1.0,
          0.0
        ],
        [
          0.9923058748245239,
          0.0,
          0.12381011247634888
        ]
      ],
      [
        [
          0.99580979347229,
          0.0,
          0.09144788980484009
        ],
        [
          0.0,
          1.0,
          0.0
        ],
        [
          -0.09144788235425949,
          0.0,
          0.9958098530769348
        ]
      ],
      [
        [
          0.9983582496643066,
          0.0,
          0.05727830529212952
        ],
        [
          0.0,
          1.0,
          0.0
        ],
        [
          -0.05727830156683922,
          0.0,
          0.9983582496643066
        ]
      ],
      [
        [
          0.9998111724853516,
          0.0,
          0.019433170557022095
        ],
        [
          0.0,
          1.0,
          0.0
        ],
        [
          -0.019433172419667244,
          0.0,
          0.9998111724853516
        ]
      ],
      [
        [
          -0.22661156952381134,
          0.0,
          0.9739851951599121
        ],
        [
          0.0,
          1.0,
          0.0
        ],
        [
          -0.9739851951599121,
          0.0,
          -0.22661155462265015
        ]
      ]
    ],
    "scores": [
      0.7386264801025391,
      0.6478210687637329,
      0.584136962890625,
      0.5549188852310181,
      0.5312479734420776,
      0.5041965842247009,
      0.4617712199687958,
      0.4522590637207031,
      0.4381219148635864,
      0.40303733944892883,
      0.40225300192832947,
      0.3997001349925995,
      0.3961750864982605,
      0.391152948141098,
      0.3884126842021942,
      0.38714277744293213,
      0.3776148557662964,
      0.3769088387489319,
      0.3746499717235565,
      0.3729521930217743,
      0.36627402901649475,
      0.3621189594268799,
      0.35963714122772217,
      0.35739290714263916,
      0.3499787747859955,
      0.3497157096862793,
      0.3469635248184204,
      0.34255480766296387,
      0.34109365940093994,
      0.32948625087738037,
      0.328965425491333,
      0.32668229937553406,
      0.32484349608421326,
      0.3205096125602722,
      0.3097820580005646,
      0.3070991635322571,
      0.30637210607528687,
      0.3043447732925415,
      0.30072253942489624,
      0.29932355880737305,
      0.29170337319374084,
      0.2874397337436676,
      0.280990332365036,
      0.2804933190345764,
      0.28012219071388245,
      0.2791118621826172,
      0.2721317708492279,
      0.2700585126876831,
      0.2692623734474182,
      0.2667228579521179,
      0.26530376076698303,
      0.2628123462200165,
      0.26192378997802734,
      0.2609471082687378,
      0.2602652609348297,
      0.2587353587150574,
      0.25484004616737366,
      0.25353458523750305,
      0.2523290514945984,
      0.2522740364074707
    ]
  },
  "notes": {
    "assumptions": [
      "Equirectangular pano sliced into perspective pinhole views.",
      "All views share the same camera center; only yaw/pitch rotation differs.",
      "RGB-only CuTR provides approximate metric scale; world is up to global scale drift."
    ],
    "fov_deg": 90.0,
    "view_size": [
      1024,
      768
    ]
  }
}