{
  "source_image": "teste/passthrough_20260422_113624.png",
  "timestamp": null,
  "video_id": null,
  "image_size_hw": [
    960,
    1280
  ],
  "detections": [
    {
      "bbox_xyxy": [
        162.04302978515625,
        66.90353393554688,
        405.44879150390625,
        214.29019165039062
      ],
      "score": 0.832718014717102,
      "class_id": 1
    },
    {
      "bbox_xyxy": [
        0.0,
        464.193603515625,
        261.031005859375,
        872.40234375
      ],
      "score": 0.7258190512657166,
      "class_id": 1
    },
    {
      "bbox_xyxy": [
        572.4254150390625,
        692.971923828125,
        874.4344482421875,
        880.0452880859375
      ],
      "score": 0.6497197151184082,
      "class_id": 1
    },
    {
      "bbox_xyxy": [
        937.9437255859375,
        693.2110595703125,
        1042.6646728515625,
        812.8900146484375
      ],
      "score": 0.6051766872406006,
      "class_id": 1
    },
    {
      "bbox_xyxy": [
        518.1829833984375,
        511.81927490234375,
        627.5521240234375,
        630.2781372070312
      ],
      "score": 0.5940919518470764,
      "class_id": 1
    },
    {
      "bbox_xyxy": [
        136.84246826171875,
        195.119873046875,
        467.65283203125,
        869.063720703125
      ],
      "score": 0.592319667339325,
      "class_id": 1
    },
    {
      "bbox_xyxy": [
        503.50152587890625,
        137.41546630859375,
        834.4817504882812,
        411.563232421875
      ],
      "score": 0.5820618867874146,
      "class_id": 1
    },
    {
      "bbox_xyxy": [
        0.0,
        653.654296875,
        379.99591064453125,
        957.204345703125
      ],
      "score": 0.5671120882034302,
      "class_id": 1
    },
    {
      "bbox_xyxy": [
        729.01025390625,
        605.035400390625,
        791.628173828125,
        654.6318359375
      ],
      "score": 0.5090131759643555,
      "class_id": 1
    },
    {
      "bbox_xyxy": [
        1013.3863525390625,
        0.0,
        1279.9991455078125,
        960.0
      ],
      "score": 0.5061160326004028,
      "class_id": 1
    },
    {
      "bbox_xyxy": [
        724.5661010742188,
        607.5488891601562,
        793.4537963867188,
        691.9757690429688
      ],
      "score": 0.4735109508037567,
      "class_id": 1
    },
    {
      "bbox_xyxy": [
        245.94580078125,
        656.45654296875,
        1104.41015625,
        959.609130859375
      ],
      "score": 0.4729480743408203,
      "class_id": 1
    },
    {
      "bbox_xyxy": [
        497.6539306640625,
        129.95599365234375,
        833.829833984375,
        160.48696899414062
      ],
      "score": 0.4700411260128021,
      "class_id": 1
    },
    {
      "bbox_xyxy": [
        187.4288330078125,
        684.4464111328125,
        268.1859130859375,
        712.7279052734375
      ],
      "score": 0.46083393692970276,
      "class_id": 1
    },
    {
      "bbox_xyxy": [
        180.27322387695312,
        620.939208984375,
        332.1722717285156,
        687.8216552734375
      ],
      "score": 0.4594886600971222,
      "class_id": 1
    },
    {
      "bbox_xyxy": [
        756.206298828125,
        543.061279296875,
        789.46826171875,
        592.3157958984375
      ],
      "score": 0.43000155687332153,
      "class_id": 1
    },
    {
      "bbox_xyxy": [
        430.6217041015625,
        398.3563232421875,
        835.397705078125,
        421.7789306640625
      ],
      "score": 0.41062942147254944,
      "class_id": 1
    },
    {
      "bbox_xyxy": [
        12.394210815429688,
        721.884765625,
        202.38816833496094,
        839.7259521484375
      ],
      "score": 0.407157838344574,
      "class_id": 1
    },
    {
      "bbox_xyxy": [
        837.7396240234375,
        310.9066162109375,
        998.965087890625,
        723.4647216796875
      ],
      "score": 0.39340031147003174,
      "class_id": 1
    },
    {
      "bbox_xyxy": [
        518.3803100585938,
        518.659423828125,
        677.4158325195312,
        674.5006103515625
      ],
      "score": 0.3899969458580017,
      "class_id": 1
    },
    {
      "bbox_xyxy": [
        524.4774169921875,
        579.080810546875,
        677.967041015625,
        711.527587890625
      ],
      "score": 0.3868318498134613,
      "class_id": 1
    },
    {
      "bbox_xyxy": [
        580.912353515625,
        560.875732421875,
        673.7554931640625,
        654.928466796875
      ],
      "score": 0.36664003133773804,
      "class_id": 1
    },
    {
      "bbox_xyxy": [
        735.5654907226562,
        542.1992797851562,
        770.2398071289062,
        581.5413208007812
      ],
      "score": 0.3498132824897766,
      "class_id": 1
    },
    {
      "bbox_xyxy": [
        779.95263671875,
        305.9359130859375,
        996.4854736328125,
        747.4630126953125
      ],
      "score": 0.3465636372566223,
      "class_id": 1
    },
    {
      "bbox_xyxy": [
        95.97344207763672,
        804.612548828125,
        337.9459228515625,
        956.032958984375
      ],
      "score": 0.3373590409755707,
      "class_id": 1
    },
    {
      "bbox_xyxy": [
        80.47991943359375,
        407.1789245605469,
        151.497802734375,
        479.2508239746094
      ],
      "score": 0.3321353495121002,
      "class_id": 1
    },
    {
      "bbox_xyxy": [
        681.4048461914062,
        544.9732055664062,
        723.4490356445312,
        597.6622924804688
      ],
      "score": 0.3266918957233429,
      "class_id": 1
    },
    {
      "bbox_xyxy": [
        679.0572509765625,
        554.5867919921875,
        789.3504638671875,
        684.6329345703125
      ],
      "score": 0.3108275830745697,
      "class_id": 1
    },
    {
      "bbox_xyxy": [
        909.722412109375,
        377.73638916015625,
        1025.940673828125,
        577.040771484375
      ],
      "score": 0.29797834157943726,
      "class_id": 1
    },
    {
      "bbox_xyxy": [
        767.0590209960938,
        308.27783203125,
        891.7305297851562,
        711.3726806640625
      ],
      "score": 0.2958736717700958,
      "class_id": 1
    },
    {
      "bbox_xyxy": [
        101.224609375,
        409.88916015625,
        151.62454223632812,
        471.37322998046875
      ],
      "score": 0.28823551535606384,
      "class_id": 1
    },
    {
      "bbox_xyxy": [
        523.3668823242188,
        512.85546875,
        617.4889526367188,
        618.278564453125
      ],
      "score": 0.2880471348762512,
      "class_id": 1
    },
    {
      "bbox_xyxy": [
        734.9050903320312,
        546.20458984375,
        762.9849243164062,
        580.946533203125
      ],
      "score": 0.28111889958381653,
      "class_id": 1
    },
    {
      "bbox_xyxy": [
        94.07980346679688,
        877.8270874023438,
        276.7823486328125,
        956.1763305664062
      ],
      "score": 0.2670910656452179,
      "class_id": 1
    },
    {
      "bbox_xyxy": [
        679.3390502929688,
        551.7536010742188,
        786.8202514648438,
        647.7981567382812
      ],
      "score": 0.26005932688713074,
      "class_id": 1
    },
    {
      "bbox_xyxy": [
        188.3385009765625,
        695.9087524414062,
        253.96826171875,
        716.9884643554688
      ],
      "score": 0.25720223784446716,
      "class_id": 1
    },
    {
      "bbox_xyxy": [
        700.1812133789062,
        542.2501831054688,
        738.2963256835938,
        593.3871459960938
      ],
      "score": 0.2559611201286316,
      "class_id": 1
    },
    {
      "bbox_xyxy": [
        597.926513671875,
        562.4669799804688,
        677.70263671875,
        654.9649047851562
      ],
      "score": 0.2534961998462677,
      "class_id": 1
    }
  ],
  "boxes_3d": {
    "gravity_center_xyz": [
      [
        -1.0053608417510986,
        -1.4214098453521729,
        2.4730381965637207
      ],
      [
        -1.026860237121582,
        -0.009716033935546875,
        1.6481350660324097
      ],
      [
        0.15697899460792542,
        0.2884790897369385,
        1.8834624290466309
      ],
      [
        1.2065997123718262,
        0.3826873302459717,
        3.0023746490478516
      ],
      [
        -0.23772215843200684,
        -0.24679791927337646,
        2.995979070663452
      ],
      [
        -1.0607800483703613,
        -0.4307945966720581,
        2.911616325378418
      ],
      [
        0.09580526500940323,
        -1.3944404125213623,
        3.302337646484375
      ],
      [
        -1.0497256517410278,
        0.6077094078063965,
        1.7871617078781128
      ],
      [
        0.3972748816013336,
        -0.03494071960449219,
        2.913536548614502
      ],
      [
        1.6016221046447754,
        -0.5170729160308838,
        2.2340571880340576
      ],
      [
        0.3894221782684326,
        0.033283233642578125,
        2.888535261154175
      ],
      [
        0.1469477415084839,
        0.6285042762756348,
        1.8913006782531738
      ],
      [
        0.08288779109716415,
        -1.8225489854812622,
        3.174589157104492
      ],
      [
        -0.9269672632217407,
        0.13029694557189941,
        1.924506664276123
      ],
      [
        -0.9301015138626099,
        0.03258490562438965,
        2.078603982925415
      ],
      [
        0.4577496647834778,
        -0.25225305557250977,
        3.030740261077881
      ],
      [
        -0.04969628527760506,
        -0.8721839189529419,
        3.2572317123413086
      ],
      [
        -0.9813367128372192,
        0.24688589572906494,
        1.5783867835998535
      ],
      [
        0.8813251256942749,
        -0.414401650428772,
        2.8428046703338623
      ],
      [
        -0.1455126851797104,
        -0.16011261940002441,
        2.943068027496338
      ],
      [
        -0.13489827513694763,
        0.014320611953735352,
        3.0008997917175293
      ],
      [
        -0.05056292191147804,
        -0.11290717124938965,
        2.88053297996521
      ],
      [
        0.3818742632865906,
        -0.2677403688430786,
        3.009857654571533
      ],
      [
        0.7943146824836731,
        -0.39447009563446045,
        2.9543709754943848
      ],
      [
        -0.936260998249054,
        0.6229262351989746,
        1.9450044631958008
      ],
      [
        -1.2713284492492676,
        -0.4762301445007324,
        2.0804672241210938
      ],
      [
        0.2097274661064148,
        -0.23853731155395508,
        3.0749354362487793
      ],
      [
        0.3171636164188385,
        -0.07477903366088867,
        3.039562702178955
      ],
      [
        1.120104432106018,
        -0.5683711767196655,
        2.997647285461426
      ],
      [
        0.6188675165176392,
        -0.44950926303863525,
        2.944917917251587
      ],
      [
        -1.2786369323730469,
        -0.49204540252685547,
        2.1252291202545166
      ],
      [
        -0.24791885912418365,
        -0.26543867588043213,
        3.0024991035461426
      ],
      [
        0.36871811747550964,
        -0.2613255977630615,
        3.0132575035095215
      ],
      [
        -0.9584742188453674,
        0.6718003749847412,
        1.8310840129852295
      ],
      [
        0.31217148900032043,
        -0.1394355297088623,
        3.027881145477295
      ],
      [
        -0.925467312335968,
        0.1450289487838745,
        1.892372727394104
      ],
      [
        0.27168983221054077,
        -0.2500612735748291,
        3.0810043811798096
      ],
      [
        -0.016011929139494896,
        -0.11282706260681152,
        2.9564812183380127
      ]
    ],
    "dims_lhw": [
      [
        0.4043324887752533,
        0.28216466307640076,
        0.3871702253818512
      ],
      [
        0.1484801173210144,
        0.499087929725647,
        0.7058451175689697
      ],
      [
        0.418258935213089,
        0.10617588460445404,
        0.4209860563278198
      ],
      [
        0.25446271896362305,
        0.28953424096107483,
        0.2519402503967285
      ],
      [
        0.2716422975063324,
        0.2885454595088959,
        0.20452816784381866
      ],
      [
        0.49352407455444336,
        1.7678465843200684,
        0.8101001977920532
      ],
      [
        0.9757711291313171,
        0.8252865076065063,
        0.12841273844242096
      ],
      [
        0.4570005238056183,
        0.6313517093658447,
        1.015600323677063
      ],
      [
        0.17973242700099945,
        0.1032608225941658,
        0.12607119977474213
      ],
      [
        0.5966469049453735,
        2.2573559284210205,
        1.606546401977539
      ],
      [
        0.19018025696277618,
        0.17672745883464813,
        0.1507129818201065
      ],
      [
        0.9596938490867615,
        0.6188203692436218,
        1.2317615747451782
      ],
      [
        1.0401527881622314,
        0.03890892490744591,
        0.14315155148506165
      ],
      [
        0.11429238319396973,
        0.025010356679558754,
        0.08752798289060593
      ],
      [
        0.20754310488700867,
        0.059867165982723236,
        0.20677520334720612
      ],
      [
        0.07776228338479996,
        0.1054065003991127,
        0.10985305160284042
      ],
      [
        1.235681414604187,
        0.029917553067207336,
        0.1933192014694214
      ],
      [
        0.09150606393814087,
        0.04534248635172844,
        0.2818518579006195
      ],
      [
        0.34744295477867126,
        1.1245313882827759,
        0.29362642765045166
      ],
      [
        0.367607444524765,
        0.3496033251285553,
        0.2678316533565521
      ],
      [
        0.3756558299064636,
        0.2817983627319336,
        0.37919357419013977
      ],
      [
        0.24741104245185852,
        0.20301122963428497,
        0.1828525960445404
      ],
      [
        0.07848621904850006,
        0.08155098557472229,
        0.09966069459915161
      ],
      [
        0.4496327042579651,
        1.223524808883667,
        0.2972043454647064
      ],
      [
        0.30329328775405884,
        0.2880701422691345,
        0.2967672049999237
      ],
      [
        0.03295733779668808,
        0.12953951954841614,
        0.2120475023984909
      ],
      [
        0.09006983786821365,
        0.13441310822963715,
        0.1061331257224083
      ],
      [
        0.31549787521362305,
        0.3194023072719574,
        0.21763521432876587
      ],
      [
        0.27474284172058105,
        0.5011935234069824,
        0.1751115322113037
      ],
      [
        0.2511683702468872,
        1.0860040187835693,
        0.23475830256938934
      ],
      [
        0.03810981661081314,
        0.11453241109848022,
        0.15794490277767181
      ],
      [
        0.2220950871706009,
        0.25705763697624207,
        0.17352181673049927
      ],
      [
        0.06814120709896088,
        0.07344512641429901,
        0.09800669550895691
      ],
      [
        0.2326202541589737,
        0.14321163296699524,
        0.17763856053352356
      ],
      [
        0.3011768162250519,
        0.18678350746631622,
        0.2001471370458603
      ],
      [
        0.09444765746593475,
        0.02200494334101677,
        0.0808812826871872
      ],
      [
        0.09607516974210739,
        0.11828576773405075,
        0.10776306688785553
      ],
      [
        0.19998417794704437,
        0.21061834692955017,
        0.16489209234714508
      ]
    ],
    "R_3x3": [
      [
        [
          0.9993560910224915,
          0.0,
          0.03588120639324188
        ],
        [
          0.0,
          1.0,
          0.0
        ],
        [
          -0.03588120639324188,
          0.0,
          0.9993560910224915
        ]
      ],
      [
        [
          0.9926214218139648,
          0.0,
          0.12125471979379654
        ],
        [
          0.0,
          1.0,
          0.0
        ],
        [
          -0.12125471979379654,
          0.0,
          0.9926214218139648
        ]
      ],
      [
        [
          0.892777144908905,
          0.0,
          -0.4504985809326172
        ],
        [
          0.0,
          1.0,
          0.0
        ],
        [
          0.4504985809326172,
          0.0,
          0.892777144908905
        ]
      ],
      [
        [
          0.988760769367218,
          0.0,
          0.14950649440288544
        ],
        [
          0.0,
          1.0,
          0.0
        ],
        [
          -0.14950649440288544,
          0.0,
          0.988760769367218
        ]
      ],
      [
        [
          0.9946938753128052,
          0.0,
          0.1028791293501854
        ],
        [
          0.0,
          1.0,
          0.0
        ],
        [
          -0.1028791293501854,
          0.0,
          0.9946938753128052
        ]
      ],
      [
        [
          0.9974781274795532,
          0.0,
          0.07097447663545609
        ],
        [
          0.0,
          1.0,
          0.0
        ],
        [
          -0.07097447663545609,
          0.0,
          0.9974781274795532
        ]
      ],
      [
        [
          0.9957777857780457,
          0.0,
          0.09179681539535522
        ],
        [
          0.0,
          1.0,
          0.0
        ],
        [
          -0.09179681539535522,
          0.0,
          0.9957777857780457
        ]
      ],
      [
        [
          0.9956762194633484,
          0.0,
          0.09289166331291199
        ],
        [
          0.0,
          1.0,
          0.0
        ],
        [
          -0.09289166331291199,
          0.0,
          0.9956762194633484
        ]
      ],
      [
        [
          0.9979079365730286,
          0.0,
          0.06465086340904236
        ],
        [
          0.0,
          1.0,
          0.0
        ],
        [
          -0.06465086340904236,
          0.0,
          0.9979079365730286
        ]
      ],
      [
        [
          0.9988044500350952,
          0.0,
          0.048884280025959015
        ],
        [
          0.0,
          1.0,
          0.0
        ],
        [
          -0.048884280025959015,
          0.0,
          0.9988044500350952
        ]
      ],
      [
        [
          0.9977458715438843,
          0.0,
          0.06710575520992279
        ],
        [
          0.0,
          1.0,
          0.0
        ],
        [
          -0.06710575520992279,
          0.0,
          0.9977458715438843
        ]
      ],
      [
        [
          0.9951289892196655,
          0.0,
          0.09858153760433197
        ],
        [
          0.0,
          1.0,
          0.0
        ],
        [
          -0.09858153760433197,
          0.0,
          0.9951289892196655
        ]
      ],
      [
        [
          0.9962071776390076,
          0.0,
          0.0870128870010376
        ],
        [
          0.0,
          1.0,
          0.0
        ],
        [
          -0.0870128870010376,
          0.0,
          0.9962071776390076
        ]
      ],
      [
        [
          0.9992213845252991,
          0.0,
          -0.039453960955142975
        ],
        [
          0.0,
          1.0,
          0.0
        ],
        [
          0.039453960955142975,
          0.0,
          0.9992213845252991
        ]
      ],
      [
        [
          0.9998761415481567,
          0.0,
          0.015740197151899338
        ],
        [
          0.0,
          1.0,
          0.0
        ],
        [
          -0.015740197151899338,
          0.0,
          0.9998761415481567
        ]
      ],
      [
        [
          0.9920644760131836,
          0.0,
          0.12572994828224182
        ],
        [
          0.0,
          1.0,
          0.0
        ],
        [
          -0.12572994828224182,
          0.0,
          0.9920644760131836
        ]
      ],
      [
        [
          0.994847297668457,
          0.0,
          0.10138475894927979
        ],
        [
          0.0,
          1.0,
          0.0
        ],
        [
          -0.10138475894927979,
          0.0,
          0.994847297668457
        ]
      ],
      [
        [
          0.980657696723938,
          0.0,
          0.19573064148426056
        ],
        [
          0.0,
          1.0,
          0.0
        ],
        [
          -0.19573064148426056,
          0.0,
          0.980657696723938
        ]
      ],
      [
        [
          0.9947040677070618,
          0.0,
          0.10278017073869705
        ],
        [
          0.0,
          1.0,
          0.0
        ],
        [
          -0.10278017073869705,
          0.0,
          0.9947040677070618
        ]
      ],
      [
        [
          0.9929738640785217,
          0.0,
          0.11833398044109344
        ],
        [
          0.0,
          1.0,
          0.0
        ],
        [
          -0.11833398044109344,
          0.0,
          0.9929738640785217
        ]
      ],
      [
        [
          0.9967230558395386,
          0.0,
          0.08088978379964828
        ],
        [
          0.0,
          1.0,
          0.0
        ],
        [
          -0.08088978379964828,
          0.0,
          0.9967230558395386
        ]
      ],
      [
        [
          0.9979565739631653,
          0.0,
          0.06389570236206055
        ],
        [
          0.0,
          1.0,
          0.0
        ],
        [
          -0.06389570236206055,
          0.0,
          0.9979565739631653
        ]
      ],
      [
        [
          0.9892347455024719,
          0.0,
          0.14633727073669434
        ],
        [
          0.0,
          1.0,
          0.0
        ],
        [
          -0.14633727073669434,
          0.0,
          0.9892347455024719
        ]
      ],
      [
        [
          0.9980756044387817,
          0.0,
          0.06200915575027466
        ],
        [
          0.0,
          1.0,
          0.0
        ],
        [
          -0.06200915575027466,
          0.0,
          0.9980756044387817
        ]
      ],
      [
        [
          0.9975233674049377,
          0.0,
          0.07033564150333405
        ],
        [
          0.0,
          1.0,
          0.0
        ],
        [
          -0.07033564150333405,
          0.0,
          0.9975233674049377
        ]
      ],
      [
        [
          0.998945415019989,
          0.0,
          -0.04591316729784012
        ],
        [
          0.0,
          1.0,
          0.0
        ],
        [
          0.04591316729784012,
          0.0,
          0.998945415019989
        ]
      ],
      [
        [
          0.995944082736969,
          0.0,
          0.08997409790754318
        ],
        [
          0.0,
          1.0,
          0.0
        ],
        [
          -0.08997409790754318,
          0.0,
          0.995944082736969
        ]
      ],
      [
        [
          0.9963405728340149,
          0.0,
          0.08547194302082062
        ],
        [
          0.0,
          1.0,
          0.0
        ],
        [
          -0.08547194302082062,
          0.0,
          0.9963405728340149
        ]
      ],
      [
        [
          0.9952581524848938,
          0.0,
          0.09726877510547638
        ],
        [
          0.0,
          1.0,
          0.0
        ],
        [
          -0.09726877510547638,
          0.0,
          0.9952581524848938
        ]
      ],
      [
        [
          0.9923785924911499,
          0.0,
          0.12322637438774109
        ],
        [
          0.0,
          1.0,
          0.0
        ],
        [
          -0.12322637438774109,
          0.0,
          0.9923785924911499
        ]
      ],
      [
        [
          0.9703376293182373,
          0.0,
          -0.24175384640693665
        ],
        [
          0.0,
          1.0,
          0.0
        ],
        [
          0.24175384640693665,
          0.0,
          0.9703376293182373
        ]
      ],
      [
        [
          0.9954102635383606,
          0.0,
          0.09569961577653885
        ],
        [
          0.0,
          1.0,
          0.0
        ],
        [
          -0.09569961577653885,
          0.0,
          0.9954102635383606
        ]
      ],
      [
        [
          0.993251621723175,
          0.0,
          0.11597933620214462
        ],
        [
          0.0,
          1.0,
          0.0
        ],
        [
          -0.11597933620214462,
          0.0,
          0.993251621723175
        ]
      ],
      [
        [
          0.9999458193778992,
          0.0,
          0.010408509522676468
        ],
        [
          0.0,
          1.0,
          0.0
        ],
        [
          -0.010408509522676468,
          0.0,
          0.9999458193778992
        ]
      ],
      [
        [
          0.997041642665863,
          0.0,
          0.07686327397823334
        ],
        [
          0.0,
          1.0,
          0.0
        ],
        [
          -0.07686327397823334,
          0.0,
          0.997041642665863
        ]
      ],
      [
        [
          0.9854126572608948,
          0.0,
          -0.1701820343732834
        ],
        [
          0.0,
          1.0,
          0.0
        ],
        [
          0.1701820343732834,
          0.0,
          0.9854126572608948
        ]
      ],
      [
        [
          0.9926998019218445,
          0.0,
          0.1206115335226059
        ],
        [
          0.0,
          1.0,
          0.0
        ],
        [
          -0.1206115335226059,
          0.0,
          0.9926998019218445
        ]
      ],
      [
        [
          0.9983909130096436,
          0.0,
          0.056705959141254425
        ],
        [
          0.0,
          1.0,
          0.0
        ],
        [
          -0.056705959141254425,
          0.0,
          0.9983909130096436
        ]
      ]
    ]
  }
}