{
  "source_image": "teste/passthrough_20260503_140608.png",
  "timestamp": null,
  "video_id": null,
  "image_size_hw": [
    960,
    1280
  ],
  "detections": [
    {
      "bbox_xyxy": [
        184.31826782226562,
        509.02496337890625,
        475.0350646972656,
        701.7683715820312
      ],
      "score": 0.8736478686332703,
      "class_id": 1,
      "label": "a bed with a pillow and a pillow on it",
      "category": "pillow",
      "category_score": 0.6908120512962341
    },
    {
      "bbox_xyxy": [
        32.031463623046875,
        729.7061157226562,
        236.41238403320312,
        913.8834838867188
      ],
      "score": 0.8489094376564026,
      "class_id": 1,
      "label": "a box is sitting on the floor",
      "category": "box",
      "category_score": 0.7629134058952332
    },
    {
      "bbox_xyxy": [
        133.12469482421875,
        87.79409790039062,
        283.8809814453125,
        190.37265014648438
      ],
      "score": 0.8202336430549622,
      "class_id": 1,
      "label": "a picture of a bird in a frame",
      "category": "picture frame painting poster",
      "category_score": 0.5843614339828491
    },
    {
      "bbox_xyxy": [
        717.1107788085938,
        186.4053955078125,
        808.3755493164062,
        324.1802673339844
      ],
      "score": 0.7964187860488892,
      "class_id": 1,
      "label": "a painting of a woman",
      "category": "picture frame painting poster",
      "category_score": 0.4043847918510437
    },
    {
      "bbox_xyxy": [
        687.0640869140625,
        473.3631591796875,
        1147.687744140625,
        958.30810546875
      ],
      "score": 0.7432022094726562,
      "class_id": 1,
      "label": "a chair with a red seat",
      "category": "desk",
      "category_score": 0.3192155957221985
    },
    {
      "bbox_xyxy": [
        903.2392578125,
        274.6487731933594,
        1127.0467529296875,
        415.3443298339844
      ],
      "score": 0.7403697371482849,
      "class_id": 1,
      "label": "a computer monitor",
      "category": "tv television monitor",
      "category_score": 0.6962436437606812
    },
    {
      "bbox_xyxy": [
        162.947998046875,
        224.24420166015625,
        339.1721496582031,
        441.5230712890625
      ],
      "score": 0.7197308540344238,
      "class_id": 1,
      "label": "a picture of a woman with long hair",
      "category": "picture frame painting poster",
      "category_score": 0.42544564604759216
    },
    {
      "bbox_xyxy": [
        737.3231201171875,
        398.9578857421875,
        848.7579345703125,
        538.1488037109375
      ],
      "score": 0.7164027094841003,
      "class_id": 1,
      "label": "a white wall",
      "category": "computer",
      "category_score": 0.5967084169387817
    },
    {
      "bbox_xyxy": [
        622.5242309570312,
        426.03289794921875,
        749.6686401367188,
        536.4944458007812
      ],
      "score": 0.7077829837799072,
      "class_id": 1,
      "label": "a cat is sitting on a toilet in a bathroom",
      "category": "backpack handbag",
      "category_score": 0.3712150454521179
    },
    {
      "bbox_xyxy": [
        731.6787109375,
        494.32171630859375,
        775.6591796875,
        541.7326049804688
      ],
      "score": 0.6938207745552063,
      "class_id": 1,
      "label": "a man is sitting on the floor with a cup",
      "category": "cup mug",
      "category_score": 0.5829851031303406
    },
    {
      "bbox_xyxy": [
        850.1452026367188,
        310.22137451171875,
        899.6458129882812,
        352.7591552734375
      ],
      "score": 0.6812195181846619,
      "class_id": 1,
      "label": "a man in a suit and tie standing in front of a wall",
      "category": null,
      "category_score": null
    },
    {
      "bbox_xyxy": [
        514.4722290039062,
        63.7081298828125,
        739.1489868164062,
        644.45556640625
      ],
      "score": 0.6607280969619751,
      "class_id": 1,
      "label": "a bike is parked in a small room",
      "category": "wardrobe closet door",
      "category_score": 0.5366585850715637
    },
    {
      "bbox_xyxy": [
        1097.84521484375,
        816.6175537109375,
        1279.97900390625,
        956.8056640625
      ],
      "score": 0.6565338373184204,
      "class_id": 1,
      "label": "a white and black object on a table",
      "category": "printer heater",
      "category_score": 0.3003361225128174
    },
    {
      "bbox_xyxy": [
        1080.6683349609375,
        729.0322265625,
        1279.9447021484375,
        907.4755859375
      ],
      "score": 0.5889481902122498,
      "class_id": 1,
      "label": "a man is seen in this surveillance image",
      "category": "laptop tablet book",
      "category_score": 0.31099456548690796
    },
    {
      "bbox_xyxy": [
        734.6148071289062,
        345.14013671875,
        760.6284790039062,
        376.0345458984375
      ],
      "score": 0.5658508539199829,
      "class_id": 1,
      "label": "a black cat sitting on top of a wooden table",
      "category": null,
      "category_score": null
    },
    {
      "bbox_xyxy": [
        850.5526733398438,
        532.377685546875,
        952.9352416992188,
        578.1356201171875
      ],
      "score": 0.5521153211593628,
      "class_id": 1,
      "label": "a man in a suit and tie is standing next to a sign",
      "category": "keyboard instrument",
      "category_score": 0.4801225960254669
    },
    {
      "bbox_xyxy": [
        720.0670166015625,
        0.0,
        1077.205810546875,
        173.240234375
      ],
      "score": 0.5278618931770325,
      "class_id": 1,
      "label": "a black bag with a white handle",
      "category": "tv television monitor",
      "category_score": 0.5380081534385681
    },
    {
      "bbox_xyxy": [
        0.0,
        229.26751708984375,
        152.02215576171875,
        493.01068115234375
      ],
      "score": 0.4901044964790344,
      "class_id": 1,
      "label": "a piece of paper with a picture of a woman",
      "category": "picture frame painting poster",
      "category_score": 0.38390302658081055
    },
    {
      "bbox_xyxy": [
        1161.1856689453125,
        712.9299926757812,
        1241.3294677734375,
        776.6262817382812
      ],
      "score": 0.4888874292373657,
      "class_id": 1,
      "label": "a group of cars are parked on the street",
      "category": "remote phone game controller",
      "category_score": 0.5375872254371643
    },
    {
      "bbox_xyxy": [
        1148.491943359375,
        517.6566772460938,
        1280.0,
        687.4318237304688
      ],
      "score": 0.4870046377182007,
      "class_id": 1,
      "label": "a man in a white shirt and black pants",
      "category": null,
      "category_score": null
    },
    {
      "bbox_xyxy": [
        0.0,
        7.3151092529296875,
        527.3770751953125,
        84.3687744140625
      ],
      "score": 0.45543351769447327,
      "class_id": 1,
      "label": "a man in a suit and tie is standing in front of a mirror",
      "category": null,
      "category_score": null
    },
    {
      "bbox_xyxy": [
        0.0,
        461.4058837890625,
        664.9863891601562,
        958.143310546875
      ],
      "score": 0.4528369605541229,
      "class_id": 1,
      "label": "a bed with a box on it in a room",
      "category": "bed",
      "category_score": 0.7450159788131714
    },
    {
      "bbox_xyxy": [
        0.17818450927734375,
        67.36734008789062,
        48.78767776489258,
        203.91943359375
      ],
      "score": 0.4526183605194092,
      "class_id": 1,
      "label": "a triangle shaped mirror",
      "category": "picture frame painting poster",
      "category_score": 0.4657401442527771
    },
    {
      "bbox_xyxy": [
        1114.69775390625,
        649.440185546875,
        1218.2578125,
        733.7481689453125
      ],
      "score": 0.44689518213272095,
      "class_id": 1,
      "label": "a pile of paper with a white sheet of paper",
      "category": "towel",
      "category_score": 0.34475675225257874
    },
    {
      "bbox_xyxy": [
        139.00961303710938,
        497.16876220703125,
        351.3530578613281,
        650.0835571289062
      ],
      "score": 0.4288320243358612,
      "class_id": 1,
      "label": "a bed with a pillow and a stuffed elephant",
      "category": "pillow",
      "category_score": 0.4569414556026459
    },
    {
      "bbox_xyxy": [
        641.7298583984375,
        480.19818115234375,
        1133.2689208984375,
        884.5414428710938
      ],
      "score": 0.4272753596305847,
      "class_id": 1,
      "label": "a computer desk with a chair and a keyboard",
      "category": "desk",
      "category_score": 0.3192155957221985
    },
    {
      "bbox_xyxy": [
        516.198486328125,
        63.3814697265625,
        734.6956787109375,
        642.6893310546875
      ],
      "score": 0.3955939710140228,
      "class_id": 1,
      "label": "a bike is parked in a room with a door",
      "category": "wardrobe closet door",
      "category_score": 0.5366585850715637
    },
    {
      "bbox_xyxy": [
        788.9702758789062,
        332.3316345214844,
        839.8787231445312,
        404.4133605957031
      ],
      "score": 0.37354668974876404,
      "class_id": 1,
      "label": "a white wall with a hole in it",
      "category": null,
      "category_score": null
    },
    {
      "bbox_xyxy": [
        777.840576171875,
        532.1138305664062,
        833.0419921875,
        571.9423217773438
      ],
      "score": 0.3726538419723511,
      "class_id": 1,
      "label": "a man is seen in this surveillance image",
      "category": null,
      "category_score": null
    },
    {
      "bbox_xyxy": [
        897.9944458007812,
        503.14483642578125,
        951.2478637695312,
        538.6443481445312
      ],
      "score": 0.36958011984825134,
      "class_id": 1,
      "label": "a table with a laptop and a cup on it",
      "category": "router",
      "category_score": 0.3068307340145111
    },
    {
      "bbox_xyxy": [
        1024.199462890625,
        661.5545654296875,
        1279.96630859375,
        958.375244140625
      ],
      "score": 0.36762478947639465,
      "class_id": 1,
      "label": "a man is standing in a room with a laptop",
      "category": "shelfhelf cabinet chest",
      "category_score": 0.2823675572872162
    },
    {
      "bbox_xyxy": [
        802.5415649414062,
        496.0028076171875,
        883.3390502929688,
        547.1279296875
      ],
      "score": 0.36620306968688965,
      "class_id": 1,
      "label": "a cat is sitting on a couch in a room",
      "category": "mouse",
      "category_score": 0.692373514175415
    },
    {
      "bbox_xyxy": [
        1150.251708984375,
        515.3351440429688,
        1280.0,
        664.3060913085938
      ],
      "score": 0.3573509752750397,
      "class_id": 1,
      "label": "a pair of headphones sitting on top of a table",
      "category": null,
      "category_score": null
    },
    {
      "bbox_xyxy": [
        1136.1112060546875,
        736.6173095703125,
        1197.8087158203125,
        787.549560546875
      ],
      "score": 0.35667094588279724,
      "class_id": 1,
      "label": "a car is parked in a parking lot",
      "category": null,
      "category_score": null
    },
    {
      "bbox_xyxy": [
        1150.51513671875,
        849.2857666015625,
        1278.99951171875,
        956.6275634765625
      ],
      "score": 0.3513215184211731,
      "class_id": 1,
      "label": "a white metal object on a wooden table",
      "category": "printer heater",
      "category_score": 0.3003361225128174
    }
  ],
  "boxes_3d": {
    "gravity_center_xyz": [
      [
        -0.9624915719032288,
        -0.1303023099899292,
        2.6914496421813965
      ],
      [
        -1.1319537162780762,
        0.39982593059539795,
        1.9156265258789062
      ],
      [
        -1.383629560470581,
        -1.5881223678588867,
        2.7619338035583496
      ],
      [
        0.4128447473049164,
        -1.324704885482788,
        3.0195674896240234
      ],
      [
        0.600243330001831,
        0.3175375461578369,
        1.9568980932235718
      ],
      [
        1.0623892545700073,
        -0.8470407724380493,
        2.5150272846221924
      ],
      [
        -1.3246814012527466,
        -1.0318602323532104,
        2.9400928020477295
      ],
      [
        0.5072168707847595,
        -0.5733667612075806,
        2.9421794414520264
      ],
      [
        0.14155618846416473,
        -0.5136532783508301,
        2.9171030521392822
      ],
      [
        0.3468785285949707,
        -0.36932122707366943,
        2.737856864929199
      ],
      [
        0.7662556767463684,
        -1.0010300874710083,
        2.861520290374756
      ],
      [
        -0.08905993402004242,
        -1.093990683555603,
        3.4914965629577637
      ],
      [
        0.8433904647827148,
        0.4006730914115906,
        1.296473503112793
      ],
      [
        0.9722550511360168,
        0.30323565006256104,
        1.5209232568740845
      ],
      [
        0.38435670733451843,
        -1.0185467004776,
        3.2162466049194336
      ],
      [
        0.7641684412956238,
        -0.2364637851715088,
        2.5419702529907227
      ],
      [
        0.6985688209533691,
        -1.6178826093673706,
        2.475339412689209
      ],
      [
        -1.813858985900879,
        -0.8363182544708252,
        2.6243789196014404
      ],
      [
        1.0805871486663818,
        0.21534883975982666,
        1.6671690940856934
      ],
      [
        1.4015711545944214,
        -0.09787476062774658,
        2.052003860473633
      ],
      [
        -1.1096514463424683,
        -2.028475761413574,
        2.947397232055664
      ],
      [
        -1.0610462427139282,
        0.2735234498977661,
        2.3887805938720703
      ],
      [
        -1.7710890769958496,
        -1.3867772817611694,
        2.4003241062164307
      ],
      [
        1.1287380456924438,
        0.12183165550231934,
        1.8618448972702026
      ],
      [
        -1.337862253189087,
        -0.2228008508682251,
        2.9398350715637207
      ],
      [
        0.7527420520782471,
        0.05230379104614258,
        2.779491424560547
      ],
      [
        -0.08944500982761383,
        -1.1021358966827393,
        3.508228302001953
      ],
      [
        0.589285671710968,
        -0.9131649732589722,
        2.9714481830596924
      ],
      [
        0.5016778707504272,
        -0.25470852851867676,
        2.648132562637329
      ],
      [
        0.8949182629585266,
        -0.3624141216278076,
        2.7278037071228027
      ],
      [
        1.05996572971344,
        0.6398268938064575,
        1.6468085050582886
      ],
      [
        0.6362261176109314,
        -0.3600919246673584,
        2.7367444038391113
      ],
      [
        1.4136338233947754,
        -0.1238638162612915,
        2.0703771114349365
      ],
      [
        0.9849921464920044,
        0.24400389194488525,
        1.6214213371276855
      ],
      [
        0.8520656228065491,
        0.42529863119125366,
        1.2675811052322388
      ]
    ],
    "dims_lhw": [
      [
        0.5825583934783936,
        0.19777067005634308,
        0.507023811340332
      ],
      [
        0.28880947828292847,
        0.12277953326702118,
        0.27060264348983765
      ],
      [
        0.3645676076412201,
        0.24099253118038177,
        0.07475230097770691
      ],
      [
        0.27427417039871216,
        0.3699687421321869,
        0.059513673186302185
      ],
      [
        0.5313805937767029,
        0.9892682433128357,
        0.5873982906341553
      ],
      [
        0.5285490155220032,
        0.29940637946128845,
        0.07771036028862
      ],
      [
        0.38986825942993164,
        0.6094345450401306,
        0.08119881898164749
      ],
      [
        0.26784399151802063,
        0.3408396542072296,
        0.11037882417440414
      ],
      [
        0.20936451852321625,
        0.2205684930086136,
        0.23117762804031372
      ],
      [
        0.0620790459215641,
        0.10366881638765335,
        0.09098054468631744
      ],
      [
        0.1355762630701065,
        0.10823391377925873,
        0.05779034271836281
      ],
      [
        0.7210010886192322,
        1.9481191635131836,
        0.0927945151925087
      ],
      [
        0.23303690552711487,
        0.05612532049417496,
        0.15265309810638428
      ],
      [
        0.29262077808380127,
        0.06887806951999664,
        0.20779487490653992
      ],
      [
        0.06109369918704033,
        0.09442894160747528,
        0.06277026236057281
      ],
      [
        0.25401780009269714,
        0.037896595895290375,
        0.14084070920944214
      ],
      [
        0.7849721908569336,
        0.3859991729259491,
        0.17836128175258636
      ],
      [
        0.3874315619468689,
        0.6600483059883118,
        0.09369983524084091
      ],
      [
        0.07635658234357834,
        0.04045402631163597,
        0.07968388497829437
      ],
      [
        0.22874237596988678,
        0.20209172368049622,
        0.22349967062473297
      ],
      [
        1.7105540037155151,
        0.0569973960518837,
        0.11930026113986969
      ],
      [
        1.6021133661270142,
        0.7267410159111023,
        1.2661384344100952
      ],
      [
        0.12301865965127945,
        0.303439736366272,
        0.11587779968976974
      ],
      [
        0.13841696083545685,
        0.0591600276529789,
        0.11331570148468018
      ],
      [
        0.5381984710693359,
        0.2408369481563568,
        0.18521501123905182
      ],
      [
        1.0187137126922607,
        0.6468158960342407,
        0.5907375812530518
      ],
      [
        0.6983853578567505,
        1.9414395093917847,
        0.09176573902368546
      ],
      [
        0.12806032598018646,
        0.21322143077850342,
        0.06693628430366516
      ],
      [
        0.09048884361982346,
        0.04642375558614731,
        0.11877824366092682
      ],
      [
        0.09685373306274414,
        0.053638894110918045,
        0.10110663622617722
      ],
      [
        0.30283379554748535,
        0.555798351764679,
        0.8147991895675659
      ],
      [
        0.15515175461769104,
        0.06453122198581696,
        0.16321724653244019
      ],
      [
        0.2183196097612381,
        0.1887475848197937,
        0.2178393453359604
      ],
      [
        0.0625598281621933,
        0.04058067128062248,
        0.07388360798358917
      ],
      [
        0.14176243543624878,
        0.0659889206290245,
        0.12404817342758179
      ]
    ],
    "R_3x3": [
      [
        [
          0.6540810465812683,
          0.0,
          -0.7564245462417603
        ],
        [
          0.0,
          1.0,
          0.0
        ],
        [
          0.7564245462417603,
          0.0,
          0.6540810465812683
        ]
      ],
      [
        [
          0.6787109375,
          0.0,
          -0.7344055771827698
        ],
        [
          0.0,
          1.0,
          0.0
        ],
        [
          0.7344055771827698,
          0.0,
          0.6787109375
        ]
      ],
      [
        [
          0.6868171691894531,
          0.0,
          -0.726830244064331
        ],
        [
          0.0,
          1.0,
          0.0
        ],
        [
          0.726830244064331,
          0.0,
          0.6868171691894531
        ]
      ],
      [
        [
          0.7800722718238831,
          0.0,
          0.6256895065307617
        ],
        [
          0.0,
          1.0,
          0.0
        ],
        [
          -0.6256895065307617,
          0.0,
          0.7800722718238831
        ]
      ],
      [
        [
          0.6594468951225281,
          0.0,
          0.751751184463501
        ],
        [
          0.0,
          1.0,
          0.0
        ],
        [
          -0.751751184463501,
          0.0,
          0.6594468951225281
        ]
      ],
      [
        [
          0.7266791462898254,
          0.0,
          0.6869770884513855
        ],
        [
          0.0,
          1.0,
          0.0
        ],
        [
          -0.6869770884513855,
          0.0,
          0.7266791462898254
        ]
      ],
      [
        [
          0.6797049641609192,
          0.0,
          -0.7334856986999512
        ],
        [
          0.0,
          1.0,
          0.0
        ],
        [
          0.7334856986999512,
          0.0,
          0.6797049641609192
        ]
      ],
      [
        [
          0.7815259099006653,
          0.0,
          0.6238728165626526
        ],
        [
          0.0,
          1.0,
          0.0
        ],
        [
          -0.6238728165626526,
          0.0,
          0.7815259099006653
        ]
      ],
      [
        [
          0.705174446105957,
          0.0,
          0.7090339064598083
        ],
        [
          0.0,
          1.0,
          0.0
        ],
        [
          -0.7090339064598083,
          0.0,
          0.705174446105957
        ]
      ],
      [
        [
          0.9830619096755981,
          0.0,
          -0.18327392637729645
        ],
        [
          0.0,
          1.0,
          0.0
        ],
        [
          0.18327392637729645,
          0.0,
          0.9830619096755981
        ]
      ],
      [
        [
          0.8311399817466736,
          0.0,
          0.5560632944107056
        ],
        [
          0.0,
          1.0,
          0.0
        ],
        [
          -0.5560632944107056,
          0.0,
          0.8311399817466736
        ]
      ],
      [
        [
          0.7531376481056213,
          0.0,
          0.6578630208969116
        ],
        [
          0.0,
          1.0,
          0.0
        ],
        [
          -0.6578630208969116,
          0.0,
          0.7531376481056213
        ]
      ],
      [
        [
          0.7997362017631531,
          0.0,
          0.6003516316413879
        ],
        [
          0.0,
          1.0,
          0.0
        ],
        [
          -0.6003516316413879,
          0.0,
          0.7997362017631531
        ]
      ],
      [
        [
          0.7941664457321167,
          0.0,
          0.6077003479003906
        ],
        [
          0.0,
          1.0,
          0.0
        ],
        [
          -0.6077003479003906,
          0.0,
          0.7941664457321167
        ]
      ],
      [
        [
          0.956035315990448,
          0.0,
          0.2932516634464264
        ],
        [
          0.0,
          1.0,
          0.0
        ],
        [
          -0.2932516634464264,
          0.0,
          0.956035315990448
        ]
      ],
      [
        [
          0.8185248374938965,
          0.0,
          0.5744711756706238
        ],
        [
          0.0,
          1.0,
          0.0
        ],
        [
          -0.5744711756706238,
          0.0,
          0.8185248374938965
        ]
      ],
      [
        [
          0.7494859099388123,
          0.0,
          0.6620203256607056
        ],
        [
          0.0,
          1.0,
          0.0
        ],
        [
          -0.6620203256607056,
          0.0,
          0.7494859099388123
        ]
      ],
      [
        [
          0.6410364508628845,
          0.0,
          -0.7675104141235352
        ],
        [
          0.0,
          1.0,
          0.0
        ],
        [
          0.7675104141235352,
          0.0,
          0.6410364508628845
        ]
      ],
      [
        [
          0.7974936366081238,
          0.0,
          0.6033273339271545
        ],
        [
          0.0,
          1.0,
          0.0
        ],
        [
          -0.6033273339271545,
          0.0,
          0.7974936366081238
        ]
      ],
      [
        [
          0.7176076173782349,
          0.0,
          0.6964476704597473
        ],
        [
          0.0,
          1.0,
          0.0
        ],
        [
          -0.6964476704597473,
          0.0,
          0.7176076173782349
        ]
      ],
      [
        [
          0.681771993637085,
          0.0,
          -0.7315647602081299
        ],
        [
          0.0,
          1.0,
          0.0
        ],
        [
          0.7315647602081299,
          0.0,
          0.681771993637085
        ]
      ],
      [
        [
          0.6434428691864014,
          0.0,
          -0.765494167804718
        ],
        [
          0.0,
          1.0,
          0.0
        ],
        [
          0.765494167804718,
          0.0,
          0.6434428691864014
        ]
      ],
      [
        [
          0.8400305509567261,
          0.0,
          -0.542539119720459
        ],
        [
          0.0,
          1.0,
          0.0
        ],
        [
          0.542539119720459,
          0.0,
          0.8400305509567261
        ]
      ],
      [
        [
          0.7970945835113525,
          0.0,
          0.6038545370101929
        ],
        [
          0.0,
          1.0,
          0.0
        ],
        [
          -0.6038545370101929,
          0.0,
          0.7970945835113525
        ]
      ],
      [
        [
          0.6559259295463562,
          0.0,
          -0.7548252940177917
        ],
        [
          0.0,
          1.0,
          0.0
        ],
        [
          0.7548252940177917,
          0.0,
          0.6559259295463562
        ]
      ],
      [
        [
          0.7363155484199524,
          0.0,
          0.6766383051872253
        ],
        [
          0.0,
          1.0,
          0.0
        ],
        [
          -0.6766383051872253,
          0.0,
          0.7363155484199524
        ]
      ],
      [
        [
          0.7612490653991699,
          0.0,
          0.6484596133232117
        ],
        [
          0.0,
          1.0,
          0.0
        ],
        [
          -0.6484596133232117,
          0.0,
          0.7612490653991699
        ]
      ],
      [
        [
          0.8309314846992493,
          0.0,
          0.5563748478889465
        ],
        [
          0.0,
          1.0,
          0.0
        ],
        [
          -0.5563748478889465,
          0.0,
          0.8309314846992493
        ]
      ],
      [
        [
          0.6633777618408203,
          0.0,
          0.7482846975326538
        ],
        [
          0.0,
          1.0,
          0.0
        ],
        [
          -0.7482846975326538,
          0.0,
          0.6633777618408203
        ]
      ],
      [
        [
          0.8492252230644226,
          0.0,
          0.5280308723449707
        ],
        [
          0.0,
          1.0,
          0.0
        ],
        [
          -0.5280308723449707,
          0.0,
          0.8492252230644226
        ]
      ],
      [
        [
          0.8050535917282104,
          0.0,
          0.5932021141052246
        ],
        [
          0.0,
          1.0,
          0.0
        ],
        [
          -0.5932021141052246,
          0.0,
          0.8050535917282104
        ]
      ],
      [
        [
          0.7750939130783081,
          0.0,
          0.6318460702896118
        ],
        [
          0.0,
          1.0,
          0.0
        ],
        [
          -0.6318460702896118,
          0.0,
          0.7750939130783081
        ]
      ],
      [
        [
          0.7124227285385132,
          0.0,
          0.7017505764961243
        ],
        [
          0.0,
          1.0,
          0.0
        ],
        [
          -0.7017505764961243,
          0.0,
          0.7124227285385132
        ]
      ],
      [
        [
          0.8742666840553284,
          0.0,
          0.4854460060596466
        ],
        [
          0.0,
          1.0,
          0.0
        ],
        [
          -0.4854460060596466,
          0.0,
          0.8742666840553284
        ]
      ],
      [
        [
          0.8443426489830017,
          0.0,
          0.5358036160469055
        ],
        [
          0.0,
          1.0,
          0.0
        ],
        [
          -0.5358036160469055,
          0.0,
          0.8443426489830017
        ]
      ]
    ]
  }
}