{
  "source_image": "teste/passthrough_20260422_115323.png",
  "timestamp": null,
  "video_id": null,
  "image_size_hw": [
    960,
    1280
  ],
  "detections": [
    {
      "bbox_xyxy": [
        0.0,
        0.0,
        1126.5146484375,
        957.9315185546875
      ],
      "score": 0.5970454216003418,
      "class_id": 1
    },
    {
      "bbox_xyxy": [
        0.028839111328125,
        676.6912231445312,
        103.22108459472656,
        802.9390258789062
      ],
      "score": 0.5528858304023743,
      "class_id": 1
    },
    {
      "bbox_xyxy": [
        1035.4384765625,
        110.52835083007812,
        1148.77783203125,
        337.7352600097656
      ],
      "score": 0.5393925905227661,
      "class_id": 1
    },
    {
      "bbox_xyxy": [
        1139.948486328125,
        53.17905044555664,
        1231.203857421875,
        170.92214965820312
      ],
      "score": 0.5236195921897888,
      "class_id": 1
    },
    {
      "bbox_xyxy": [
        1105.2735595703125,
        437.64794921875,
        1279.9874267578125,
        688.720703125
      ],
      "score": 0.5151339173316956,
      "class_id": 1
    },
    {
      "bbox_xyxy": [
        1138.6932373046875,
        33.11029052734375,
        1279.9210205078125,
        461.0279846191406
      ],
      "score": 0.5045293569564819,
      "class_id": 1
    },
    {
      "bbox_xyxy": [
        1126.59423828125,
        49.425262451171875,
        1229.964599609375,
        260.2554931640625
      ],
      "score": 0.4347117245197296,
      "class_id": 1
    },
    {
      "bbox_xyxy": [
        965.6591796875,
        704.0045166015625,
        1247.105712890625,
        960.0
      ],
      "score": 0.3529239892959595,
      "class_id": 1
    },
    {
      "bbox_xyxy": [
        1009.4593505859375,
        710.378662109375,
        1173.2484130859375,
        960.0
      ],
      "score": 0.3226136267185211,
      "class_id": 1
    },
    {
      "bbox_xyxy": [
        1169.833984375,
        0.0,
        1280.0,
        64.4049072265625
      ],
      "score": 0.31881067156791687,
      "class_id": 1
    },
    {
      "bbox_xyxy": [
        1062.92724609375,
        27.008544921875,
        1279.8837890625,
        677.6491088867188
      ],
      "score": 0.29729902744293213,
      "class_id": 1
    },
    {
      "bbox_xyxy": [
        0.04217529296875,
        729.341796875,
        331.210693359375,
        957.097900390625
      ],
      "score": 0.2556433379650116,
      "class_id": 1
    }
  ],
  "boxes_3d": {
    "gravity_center_xyz": [
      [
        -0.5566202998161316,
        -0.35126209259033203,
        1.881658911705017
      ],
      [
        -1.806092381477356,
        0.2897148132324219,
        2.589787721633911
      ],
      [
        0.6770021915435791,
        -0.6235710382461548,
        1.2997381687164307
      ],
      [
        0.8036401867866516,
        -0.7761044502258301,
        1.2720211744308472
      ],
      [
        0.8367277979850769,
        -0.11944365501403809,
        1.2975696325302124
      ],
      [
        0.8429933190345764,
        -0.5643140077590942,
        1.2620877027511597
      ],
      [
        0.783119261264801,
        -0.7063911557197571,
        1.2637379169464111
      ],
      [
        0.6624262928962708,
        0.3788478970527649,
        1.2482956647872925
      ],
      [
        0.6603079438209534,
        0.3618890643119812,
        1.279491901397705
      ],
      [
        0.8118855953216553,
        -0.8410608768463135,
        1.1769065856933594
      ],
      [
        0.7936216592788696,
        -0.388158917427063,
        1.242368221282959
      ],
      [
        -1.5309067964553833,
        0.5787899494171143,
        2.3332340717315674
      ]
    ],
    "dims_lhw": [
      [
        2.267184019088745,
        1.8517496585845947,
        0.6166951060295105
      ],
      [
        0.16014033555984497,
        0.23076988756656647,
        0.1596425622701645
      ],
      [
        0.10343179106712341,
        0.26877185702323914,
        0.11055082082748413
      ],
      [
        0.07682144641876221,
        0.1259264200925827,
        0.1094888225197792
      ],
      [
        0.19781428575515747,
        0.28980275988578796,
        0.08620014041662216
      ],
      [
        0.09455697238445282,
        0.5151067972183228,
        0.10918812453746796
      ],
      [
        0.09073739498853683,
        0.23656368255615234,
        0.10734328627586365
      ],
      [
        0.16913974285125732,
        0.41115128993988037,
        0.18048834800720215
      ],
      [
        0.1037839949131012,
        0.3955751657485962,
        0.14338745176792145
      ],
      [
        0.14714424312114716,
        0.06968936324119568,
        0.11384210735559464
      ],
      [
        0.17981737852096558,
        0.7496938109397888,
        0.10782399028539658
      ],
      [
        0.41730234026908875,
        0.07101842761039734,
        1.3257094621658325
      ]
    ],
    "R_3x3": [
      [
        [
          0.7389568090438843,
          0.0,
          0.6737528443336487
        ],
        [
          0.0,
          1.0,
          0.0
        ],
        [
          -0.6737528443336487,
          0.0,
          0.7389568090438843
        ]
      ],
      [
        [
          0.7952321767807007,
          0.0,
          -0.6063051223754883
        ],
        [
          0.0,
          1.0,
          0.0
        ],
        [
          0.6063051223754883,
          0.0,
          0.7952321767807007
        ]
      ],
      [
        [
          0.8849482536315918,
          0.0,
          0.46568945050239563
        ],
        [
          0.0,
          1.0,
          0.0
        ],
        [
          -0.46568945050239563,
          0.0,
          0.8849482536315918
        ]
      ],
      [
        [
          0.9259962439537048,
          0.0,
          0.37753280997276306
        ],
        [
          0.0,
          1.0,
          0.0
        ],
        [
          -0.37753280997276306,
          0.0,
          0.9259962439537048
        ]
      ],
      [
        [
          0.8820639252662659,
          0.0,
          0.47112980484962463
        ],
        [
          0.0,
          1.0,
          0.0
        ],
        [
          -0.47112980484962463,
          0.0,
          0.8820639252662659
        ]
      ],
      [
        [
          0.8930968046188354,
          0.0,
          0.44986462593078613
        ],
        [
          0.0,
          1.0,
          0.0
        ],
        [
          -0.44986462593078613,
          0.0,
          0.8930968046188354
        ]
      ],
      [
        [
          0.9029043912887573,
          0.0,
          0.4298414885997772
        ],
        [
          0.0,
          1.0,
          0.0
        ],
        [
          -0.4298414885997772,
          0.0,
          0.9029043912887573
        ]
      ],
      [
        [
          0.8557295203208923,
          0.0,
          0.5174233913421631
        ],
        [
          0.0,
          1.0,
          0.0
        ],
        [
          -0.5174233913421631,
          0.0,
          0.8557295203208923
        ]
      ],
      [
        [
          0.9202408194541931,
          0.0,
          0.3913525640964508
        ],
        [
          0.0,
          1.0,
          0.0
        ],
        [
          -0.3913525640964508,
          0.0,
          0.9202408194541931
        ]
      ],
      [
        [
          0.8729471564292908,
          0.0,
          0.4878148138523102
        ],
        [
          0.0,
          1.0,
          0.0
        ],
        [
          -0.4878148138523102,
          0.0,
          0.8729471564292908
        ]
      ],
      [
        [
          0.8485456109046936,
          0.0,
          0.5291222333908081
        ],
        [
          0.0,
          1.0,
          0.0
        ],
        [
          -0.5291222333908081,
          0.0,
          0.8485456109046936
        ]
      ],
      [
        [
          0.6904960870742798,
          0.0,
          -0.7233361601829529
        ],
        [
          0.0,
          1.0,
          0.0
        ],
        [
          0.7233361601829529,
          0.0,
          0.6904960870742798
        ]
      ]
    ]
  }
}