{
  "source_image": "teste/passthrough_20260422_115313.png",
  "timestamp": null,
  "video_id": null,
  "image_size_hw": [
    960,
    1280
  ],
  "detections": [
    {
      "bbox_xyxy": [
        445.102294921875,
        382.654296875,
        698.7159423828125,
        738.0233154296875
      ],
      "score": 0.8543767333030701,
      "class_id": 1
    },
    {
      "bbox_xyxy": [
        905.959716796875,
        154.6817626953125,
        1095.3944091796875,
        366.33380126953125
      ],
      "score": 0.7705585360527039,
      "class_id": 1
    },
    {
      "bbox_xyxy": [
        655.845947265625,
        61.49359130859375,
        819.705078125,
        344.39288330078125
      ],
      "score": 0.7703526020050049,
      "class_id": 1
    },
    {
      "bbox_xyxy": [
        410.43365478515625,
        564.1978149414062,
        873.3488159179688,
        959.7337036132812
      ],
      "score": 0.7538385987281799,
      "class_id": 1
    },
    {
      "bbox_xyxy": [
        832.90625,
        691.0223388671875,
        1095.1431884765625,
        892.10791015625
      ],
      "score": 0.6870883703231812,
      "class_id": 1
    },
    {
      "bbox_xyxy": [
        871.577880859375,
        385.2291259765625,
        934.2366943359375,
        502.579833984375
      ],
      "score": 0.6756666302680969,
      "class_id": 1
    },
    {
      "bbox_xyxy": [
        1202.79248046875,
        670.6253051757812,
        1280.0,
        732.3401489257812
      ],
      "score": 0.6730920672416687,
      "class_id": 1
    },
    {
      "bbox_xyxy": [
        498.4061279296875,
        391.1578369140625,
        783.28076171875,
        672.7275390625
      ],
      "score": 0.6674953103065491,
      "class_id": 1
    },
    {
      "bbox_xyxy": [
        397.485595703125,
        355.438720703125,
        444.094970703125,
        411.9161376953125
      ],
      "score": 0.6497385501861572,
      "class_id": 1
    },
    {
      "bbox_xyxy": [
        759.7674560546875,
        525.0892333984375,
        1208.6763916015625,
        956.4610595703125
      ],
      "score": 0.6457557678222656,
      "class_id": 1
    },
    {
      "bbox_xyxy": [
        825.8629760742188,
        459.3060302734375,
        1006.9526977539062,
        566.7962646484375
      ],
      "score": 0.6189374923706055,
      "class_id": 1
    },
    {
      "bbox_xyxy": [
        1167.73681640625,
        515.97705078125,
        1280.0,
        662.70068359375
      ],
      "score": 0.5803070068359375,
      "class_id": 1
    },
    {
      "bbox_xyxy": [
        1114.0762939453125,
        606.9111938476562,
        1278.9813232421875,
        711.3047485351562
      ],
      "score": 0.577971339225769,
      "class_id": 1
    },
    {
      "bbox_xyxy": [
        1149.4427490234375,
        612.3313598632812,
        1232.9593505859375,
        677.4740600585938
      ],
      "score": 0.5774703621864319,
      "class_id": 1
    },
    {
      "bbox_xyxy": [
        454.183837890625,
        128.01214599609375,
        586.226318359375,
        323.2752685546875
      ],
      "score": 0.5690441727638245,
      "class_id": 1
    },
    {
      "bbox_xyxy": [
        748.060546875,
        736.8656005859375,
        1181.3798828125,
        958.894775390625
      ],
      "score": 0.5679703950881958,
      "class_id": 1
    },
    {
      "bbox_xyxy": [
        443.26055908203125,
        0.0,
        564.1732177734375,
        64.38414001464844
      ],
      "score": 0.5598991513252258,
      "class_id": 1
    },
    {
      "bbox_xyxy": [
        956.2740478515625,
        423.7760009765625,
        1010.5147705078125,
        524.743896484375
      ],
      "score": 0.5375517010688782,
      "class_id": 1
    },
    {
      "bbox_xyxy": [
        1167.80078125,
        0.0,
        1280.0,
        238.86355590820312
      ],
      "score": 0.5176565051078796,
      "class_id": 1
    },
    {
      "bbox_xyxy": [
        452.5155029296875,
        636.0579223632812,
        524.6193237304688,
        676.5243530273438
      ],
      "score": 0.46300065517425537,
      "class_id": 1
    },
    {
      "bbox_xyxy": [
        1165.582763671875,
        592.8700561523438,
        1280.0,
        668.8220825195312
      ],
      "score": 0.44920486211776733,
      "class_id": 1
    },
    {
      "bbox_xyxy": [
        950.5579833984375,
        458.36669921875,
        1165.2249755859375,
        642.7181396484375
      ],
      "score": 0.4348689913749695,
      "class_id": 1
    },
    {
      "bbox_xyxy": [
        446.3807373046875,
        118.35528564453125,
        588.012451171875,
        526.005615234375
      ],
      "score": 0.4141746759414673,
      "class_id": 1
    },
    {
      "bbox_xyxy": [
        1049.26708984375,
        685.8212890625,
        1279.97119140625,
        959.5174560546875
      ],
      "score": 0.40834107995033264,
      "class_id": 1
    },
    {
      "bbox_xyxy": [
        21.3114013671875,
        474.3521728515625,
        177.6481475830078,
        727.083740234375
      ],
      "score": 0.39522385597229004,
      "class_id": 1
    },
    {
      "bbox_xyxy": [
        1070.2109375,
        631.028564453125,
        1280.0,
        832.0076904296875
      ],
      "score": 0.39196574687957764,
      "class_id": 1
    },
    {
      "bbox_xyxy": [
        905.1602783203125,
        342.7347412109375,
        984.354248046875,
        505.98162841796875
      ],
      "score": 0.3825407326221466,
      "class_id": 1
    },
    {
      "bbox_xyxy": [
        1025.351318359375,
        617.4442749023438,
        1280.0,
        959.4601440429688
      ],
      "score": 0.3758467137813568,
      "class_id": 1
    },
    {
      "bbox_xyxy": [
        1.6296844482421875,
        0.0,
        177.93585205078125,
        960.0
      ],
      "score": 0.3523128032684326,
      "class_id": 1
    },
    {
      "bbox_xyxy": [
        912.3161010742188,
        461.328125,
        957.8673706054688,
        550.4278564453125
      ],
      "score": 0.35207971930503845,
      "class_id": 1
    },
    {
      "bbox_xyxy": [
        48.790931701660156,
        422.8146057128906,
        117.90412139892578,
        488.6616516113281
      ],
      "score": 0.3507511615753174,
      "class_id": 1
    },
    {
      "bbox_xyxy": [
        900.1221923828125,
        517.2997436523438,
        1081.1470947265625,
        596.6638793945312
      ],
      "score": 0.3433852195739746,
      "class_id": 1
    },
    {
      "bbox_xyxy": [
        897.0792236328125,
        483.6336669921875,
        1151.4151611328125,
        617.32470703125
      ],
      "score": 0.3382692337036133,
      "class_id": 1
    },
    {
      "bbox_xyxy": [
        883.97607421875,
        455.63665771484375,
        1164.761474609375,
        657.0623168945312
      ],
      "score": 0.33135274052619934,
      "class_id": 1
    },
    {
      "bbox_xyxy": [
        988.6221923828125,
        486.22381591796875,
        1045.3070068359375,
        564.8461303710938
      ],
      "score": 0.3292469084262848,
      "class_id": 1
    },
    {
      "bbox_xyxy": [
        829.618896484375,
        814.3963623046875,
        1182.767333984375,
        958.220703125
      ],
      "score": 0.3148801326751709,
      "class_id": 1
    },
    {
      "bbox_xyxy": [
        449.79693603515625,
        635.3672485351562,
        525.3139038085938,
        676.6467895507812
      ],
      "score": 0.29998892545700073,
      "class_id": 1
    },
    {
      "bbox_xyxy": [
        775.0302734375,
        755.50927734375,
        1139.966552734375,
        958.1767578125
      ],
      "score": 0.29824453592300415,
      "class_id": 1
    },
    {
      "bbox_xyxy": [
        28.987060546875,
        425.7461853027344,
        67.19384765625,
        492.4023132324219
      ],
      "score": 0.2895132601261139,
      "class_id": 1
    },
    {
      "bbox_xyxy": [
        776.9194946289062,
        521.7244873046875,
        883.3025512695312,
        627.61181640625
      ],
      "score": 0.2890274226665497,
      "class_id": 1
    },
    {
      "bbox_xyxy": [
        1185.345947265625,
        612.1624145507812,
        1250.4326171875,
        665.1449584960938
      ],
      "score": 0.28455644845962524,
      "class_id": 1
    },
    {
      "bbox_xyxy": [
        763.652587890625,
        787.3359375,
        1175.0118408203125,
        958.65087890625
      ],
      "score": 0.2811567783355713,
      "class_id": 1
    },
    {
      "bbox_xyxy": [
        963.4903564453125,
        500.7529296875,
        1016.6358642578125,
        563.0341796875
      ],
      "score": 0.2796228528022766,
      "class_id": 1
    },
    {
      "bbox_xyxy": [
        0.0,
        472.40203857421875,
        54.14537048339844,
        822.8656616210938
      ],
      "score": 0.27856069803237915,
      "class_id": 1
    },
    {
      "bbox_xyxy": [
        871.5086669921875,
        859.5742797851562,
        1155.1517333984375,
        957.5717163085938
      ],
      "score": 0.2751702666282654,
      "class_id": 1
    },
    {
      "bbox_xyxy": [
        824.3304443359375,
        459.4212646484375,
        1167.0501708984375,
        793.857421875
      ],
      "score": 0.27345287799835205,
      "class_id": 1
    },
    {
      "bbox_xyxy": [
        1116.8428955078125,
        719.604248046875,
        1279.9913330078125,
        830.979248046875
      ],
      "score": 0.26836666464805603,
      "class_id": 1
    },
    {
      "bbox_xyxy": [
        915.3507080078125,
        492.98760986328125,
        954.962158203125,
        546.6336059570312
      ],
      "score": 0.2627021372318268,
      "class_id": 1
    },
    {
      "bbox_xyxy": [
        1.5551605224609375,
        462.57708740234375,
        189.62208557128906,
        761.3145141601562
      ],
      "score": 0.25892290472984314,
      "class_id": 1
    },
    {
      "bbox_xyxy": [
        124.7322998046875,
        752.2219848632812,
        1085.9918212890625,
        958.7260131835938
      ],
      "score": 0.255977064371109,
      "class_id": 1
    },
    {
      "bbox_xyxy": [
        755.34033203125,
        761.970458984375,
        1167.343017578125,
        958.6473388671875
      ],
      "score": 0.25441882014274597,
      "class_id": 1
    }
  ],
  "boxes_3d": {
    "gravity_center_xyz": [
      [
        -0.16219715774059296,
        -0.1954500675201416,
        1.7855108976364136
      ],
      [
        0.9330744743347168,
        -1.0000040531158447,
        2.267446994781494
      ],
      [
        0.25273779034614563,
        -1.1076138019561768,
        2.2076258659362793
      ],
      [
        -0.011532002128660679,
        0.3670109510421753,
        2.022355318069458
      ],
      [
        0.6314383745193481,
        0.2772364616394043,
        1.7238900661468506
      ],
      [
        0.7077603936195374,
        -0.5381886959075928,
        2.3391544818878174
      ],
      [
        1.1719532012939453,
        0.11885941028594971,
        1.655724287033081
      ],
      [
        -0.01507694460451603,
        -0.2639971971511841,
        1.9036692380905151
      ],
      [
        -0.5066514611244202,
        -0.5832692384719849,
        1.9620013236999512
      ],
      [
        0.7071419358253479,
        0.30874109268188477,
        1.875754714012146
      ],
      [
        0.7369776964187622,
        -0.35543930530548096,
        2.343770742416382
      ],
      [
        1.3257696628570557,
        -0.1268444061279297,
        1.8863348960876465
      ],
      [
        1.2250710725784302,
        0.029160141944885254,
        1.8798102140426636
      ],
      [
        1.1837064027786255,
        0.00905311107635498,
        1.8574492931365967
      ],
      [
        -0.27648264169692993,
        -0.9447123408317566,
        1.9635145664215088
      ],
      [
        0.6485591530799866,
        0.6008673906326294,
        1.8472788333892822
      ],
      [
        -0.30963870882987976,
        -1.41077721118927,
        1.9108017683029175
      ],
      [
        0.9395017027854919,
        -0.4583139419555664,
        2.366765260696411
      ],
      [
        1.347221851348877,
        -1.1912716627120972,
        1.9308950901031494
      ],
      [
        -0.3183843493461609,
        0.03492081165313721,
        1.771193504333496
      ],
      [
        1.3236091136932373,
        -0.027934551239013672,
        1.9103944301605225
      ],
      [
        1.0650922060012817,
        -0.25371861457824707,
        2.2334988117218018
      ],
      [
        -0.2861068844795227,
        -0.7101050615310669,
        1.9579447507858276
      ],
      [
        1.1865495443344116,
        0.41464924812316895,
        1.7991223335266113
      ],
      [
        -2.2804243564605713,
        -0.21295714378356934,
        3.6350584030151367
      ],
      [
        1.193514108657837,
        0.1619054079055786,
        1.772791862487793
      ],
      [
        0.8426979184150696,
        -0.6087926626205444,
        2.4012222290039062
      ],
      [
        1.2453736066818237,
        0.3918064832687378,
        1.8663501739501953
      ],
      [
        -1.2639747858047485,
        -0.27754950523376465,
        1.80797278881073
      ],
      [
        0.7639760375022888,
        -0.35167551040649414,
        2.256753921508789
      ],
      [
        -2.158902406692505,
        -0.7172354459762573,
        3.3179497718811035
      ],
      [
        0.8572500348091125,
        -0.21026194095611572,
        2.1408731937408447
      ],
      [
        0.9441452026367188,
        -0.23380672931671143,
        2.157284736633301
      ],
      [
        0.9665940403938293,
        -0.2382909059524536,
        2.2118334770202637
      ],
      [
        0.9431805610656738,
        -0.292034387588501,
        2.172670364379883
      ],
      [
        0.6050846576690674,
        0.5368651151657104,
        1.4765913486480713
      ],
      [
        -0.32318803668022156,
        0.03413891792297363,
        1.7851461172103882
      ],
      [
        0.6246197819709778,
        0.5162038803100586,
        1.7817503213882446
      ],
      [
        -2.257054567337036,
        -0.6910967826843262,
        3.2639827728271484
      ],
      [
        0.49682360887527466,
        -0.17876994609832764,
        2.2863266468048096
      ],
      [
        1.2373801469802856,
        -0.00231170654296875,
        1.8505098819732666
      ],
      [
        0.5989855527877808,
        0.5720310211181641,
        1.6547813415527344
      ],
      [
        0.8671218156814575,
        -0.2721700668334961,
        2.147193670272827
      ],
      [
        -2.0592594146728516,
        0.0013577938079833984,
        2.796704053878784
      ],
      [
        0.6001787185668945,
        0.5379409790039062,
        1.4124040603637695
      ],
      [
        0.8931165337562561,
        -0.09037113189697266,
        2.2605583667755127
      ],
      [
        1.1683284044265747,
        0.2735598087310791,
        1.7572450637817383
      ],
      [
        0.7521722316741943,
        -0.30966854095458984,
        2.222311019897461
      ],
      [
        -2.2853705883026123,
        -0.19067072868347168,
        3.5082178115844727
      ],
      [
        -0.05520179867744446,
        0.7422254085540771,
        2.1734306812286377
      ],
      [
        0.60780930519104,
        0.5387825965881348,
        1.71540105342865
      ]
    ],
    "dims_lhw": [
      [
        0.31600499153137207,
        0.5288438200950623,
        0.3725251257419586
      ],
      [
        0.2134777307510376,
        0.42579105496406555,
        0.3444773852825165
      ],
      [
        0.3923957347869873,
        0.5879995822906494,
        0.059123504906892776
      ],
      [
        0.7822970151901245,
        0.7656973600387573,
        0.40570053458213806
      ],
      [
        0.275656133890152,
        0.14477577805519104,
        0.3259130120277405
      ],
      [
        0.07338491082191467,
        0.2512184679508209,
        0.0989798828959465
      ],
      [
        0.09418846666812897,
        0.044327348470687866,
        0.09209421277046204
      ],
      [
        0.39042341709136963,
        0.4219023585319519,
        0.32804638147354126
      ],
      [
        0.07655682414770126,
        0.10096347332000732,
        0.0597955547273159
      ],
      [
        0.43608713150024414,
        0.8531716465950012,
        0.4425331652164459
      ],
      [
        0.259918749332428,
        0.1598661094903946,
        0.2556121349334717
      ],
      [
        0.2016221284866333,
        0.1894572526216507,
        0.10107631236314774
      ],
      [
        0.22037741541862488,
        0.052567657083272934,
        0.22026704251766205
      ],
      [
        0.08051187545061111,
        0.07481611520051956,
        0.08979659527540207
      ],
      [
        0.21186386048793793,
        0.34849250316619873,
        0.07172594964504242
      ],
      [
        0.43252599239349365,
        0.42205026745796204,
        0.4719054102897644
      ],
      [
        0.21455861628055573,
        0.1730537712574005,
        0.07495082169771194
      ],
      [
        0.0585000179708004,
        0.21572858095169067,
        0.11227556318044662
      ],
      [
        0.25581660866737366,
        0.4445328712463379,
        0.08441364765167236
      ],
      [
        0.09677267074584961,
        0.0316830649971962,
        0.06621383130550385
      ],
      [
        0.19962026178836823,
        0.03870554268360138,
        0.1290617436170578
      ],
      [
        0.24517107009887695,
        0.26453787088394165,
        0.3166939318180084
      ],
      [
        0.19006356596946716,
        0.7907413244247437,
        0.13677586615085602
      ],
      [
        0.3927854895591736,
        0.38084131479263306,
        0.3007579445838928
      ],
      [
        0.4048663079738617,
        0.70708829164505,
        0.6698858737945557
      ],
      [
        0.35288989543914795,
        0.11305224895477295,
        0.30411481857299805
      ],
      [
        0.10455244779586792,
        0.35546398162841797,
        0.123420350253582
      ],
      [
        0.4618821144104004,
        0.5761265158653259,
        0.3690851330757141
      ],
      [
        0.2513261139392853,
        1.766532301902771,
        0.17768196761608124
      ],
      [
        0.043090589344501495,
        0.16517001390457153,
        0.08742412179708481
      ],
      [
        0.1831100434064865,
        0.1692672073841095,
        0.35783907771110535
      ],
      [
        0.24614766240119934,
        0.07564938068389893,
        0.18047650158405304
      ],
      [
        0.34563982486724854,
        0.13491219282150269,
        0.2929806411266327
      ],
      [
        0.36312147974967957,
        0.24971815943717957,
        0.3981058597564697
      ],
      [
        0.05564504116773605,
        0.13324704766273499,
        0.10525728762149811
      ],
      [
        0.37770798802375793,
        0.17609286308288574,
        0.2836134731769562
      ],
      [
        0.10271624475717545,
        0.03186008334159851,
        0.06260313838720322
      ],
      [
        0.3937514126300812,
        0.21461118757724762,
        0.41396310925483704
      ],
      [
        0.10257283598184586,
        0.17460587620735168,
        0.34126338362693787
      ],
      [
        0.14570015668869019,
        0.16756543517112732,
        0.1813112050294876
      ],
      [
        0.06517717987298965,
        0.053978484123945236,
        0.08333554863929749
      ],
      [
        0.41924452781677246,
        0.19717496633529663,
        0.3596732020378113
      ],
      [
        0.04827048256993294,
        0.10410904139280319,
        0.09322166442871094
      ],
      [
        0.13768596947193146,
        0.8071233034133911,
        0.41579484939575195
      ],
      [
        0.327326238155365,
        0.11647836118936539,
        0.22734373807907104
      ],
      [
        0.5476697683334351,
        0.5429195165634155,
        0.3430933654308319
      ],
      [
        0.26976919174194336,
        0.05329659581184387,
        0.14500930905342102
      ],
      [
        0.037606362253427505,
        0.10485995560884476,
        0.08230408281087875
      ],
      [
        0.5379374027252197,
        0.7312013506889343,
        0.7829127311706543
      ],
      [
        1.7887173891067505,
        0.050185102969408035,
        0.7640166878700256
      ],
      [
        0.4014539420604706,
        0.24096384644508362,
        0.3988632559776306
      ]
    ],
    "R_3x3": [
      [
        [
          0.8481786251068115,
          0.0,
          -0.5297103524208069
        ],
        [
          0.0,
          1.0,
          0.0
        ],
        [
          0.5297103524208069,
          0.0,
          0.8481786251068115
        ]
      ],
      [
        [
          0.8987686038017273,
          0.0,
          -0.43842336535453796
        ],
        [
          0.0,
          1.0,
          0.0
        ],
        [
          0.43842336535453796,
          0.0,
          0.8987686038017273
        ]
      ],
      [
        [
          0.90916907787323,
          0.0,
          -0.4164271354675293
        ],
        [
          0.0,
          1.0,
          0.0
        ],
        [
          0.4164271354675293,
          0.0,
          0.90916907787323
        ]
      ],
      [
        [
          0.8969918489456177,
          0.0,
          -0.442047119140625
        ],
        [
          0.0,
          1.0,
          0.0
        ],
        [
          0.442047119140625,
          0.0,
          0.8969918489456177
        ]
      ],
      [
        [
          0.8845809102058411,
          0.0,
          -0.4663867950439453
        ],
        [
          0.0,
          1.0,
          0.0
        ],
        [
          0.4663867950439453,
          0.0,
          0.8845809102058411
        ]
      ],
      [
        [
          0.9915261268615723,
          0.0,
          -0.12990731000900269
        ],
        [
          0.0,
          1.0,
          0.0
        ],
        [
          0.12990731000900269,
          0.0,
          0.9915261268615723
        ]
      ],
      [
        [
          0.5181604623794556,
          0.0,
          0.8552834391593933
        ],
        [
          0.0,
          1.0,
          0.0
        ],
        [
          -0.8552834391593933,
          0.0,
          0.5181604623794556
        ]
      ],
      [
        [
          0.8878456950187683,
          0.0,
          -0.4601413607597351
        ],
        [
          0.0,
          1.0,
          0.0
        ],
        [
          0.4601413607597351,
          0.0,
          0.8878456950187683
        ]
      ],
      [
        [
          0.9617422819137573,
          0.0,
          -0.2739558219909668
        ],
        [
          0.0,
          1.0,
          0.0
        ],
        [
          0.2739558219909668,
          0.0,
          0.9617422819137573
        ]
      ],
      [
        [
          0.8938406109809875,
          0.0,
          -0.4483848512172699
        ],
        [
          0.0,
          1.0,
          0.0
        ],
        [
          0.4483848512172699,
          0.0,
          0.8938406109809875
        ]
      ],
      [
        [
          0.9181339740753174,
          0.0,
          -0.39627009630203247
        ],
        [
          0.0,
          1.0,
          0.0
        ],
        [
          0.39627009630203247,
          0.0,
          0.9181339740753174
        ]
      ],
      [
        [
          0.45531073212623596,
          0.0,
          0.8903326392173767
        ],
        [
          0.0,
          1.0,
          0.0
        ],
        [
          -0.8903326392173767,
          0.0,
          0.45531073212623596
        ]
      ],
      [
        [
          0.463108628988266,
          0.0,
          0.8863015174865723
        ],
        [
          0.0,
          1.0,
          0.0
        ],
        [
          -0.8863015174865723,
          0.0,
          0.463108628988266
        ]
      ],
      [
        [
          0.617871105670929,
          0.0,
          0.7862794399261475
        ],
        [
          0.0,
          1.0,
          0.0
        ],
        [
          -0.7862794399261475,
          0.0,
          0.617871105670929
        ]
      ],
      [
        [
          0.9244582056999207,
          0.0,
          -0.38128337264060974
        ],
        [
          0.0,
          1.0,
          0.0
        ],
        [
          0.38128337264060974,
          0.0,
          0.9244582056999207
        ]
      ],
      [
        [
          0.9094623923301697,
          0.0,
          -0.41578617691993713
        ],
        [
          0.0,
          1.0,
          0.0
        ],
        [
          0.41578617691993713,
          0.0,
          0.9094623923301697
        ]
      ],
      [
        [
          0.9441990852355957,
          0.0,
          -0.32937535643577576
        ],
        [
          0.0,
          1.0,
          0.0
        ],
        [
          0.32937535643577576,
          0.0,
          0.9441990852355957
        ]
      ],
      [
        [
          0.9993928074836731,
          0.0,
          0.03484220430254936
        ],
        [
          0.0,
          1.0,
          0.0
        ],
        [
          -0.03484220430254936,
          0.0,
          0.9993928074836731
        ]
      ],
      [
        [
          0.4626231789588928,
          0.0,
          0.886555016040802
        ],
        [
          0.0,
          1.0,
          0.0
        ],
        [
          -0.886555016040802,
          0.0,
          0.4626231789588928
        ]
      ],
      [
        [
          0.9502567648887634,
          0.0,
          -0.311467707157135
        ],
        [
          0.0,
          1.0,
          0.0
        ],
        [
          0.311467707157135,
          0.0,
          0.9502567648887634
        ]
      ],
      [
        [
          0.47195252776145935,
          0.0,
          0.8816239833831787
        ],
        [
          0.0,
          1.0,
          0.0
        ],
        [
          -0.8816239833831787,
          0.0,
          0.47195252776145935
        ]
      ],
      [
        [
          0.9048007726669312,
          0.0,
          -0.42583510279655457
        ],
        [
          0.0,
          1.0,
          0.0
        ],
        [
          0.42583510279655457,
          0.0,
          0.9048007726669312
        ]
      ],
      [
        [
          0.9353855848312378,
          0.0,
          -0.353629469871521
        ],
        [
          0.0,
          1.0,
          0.0
        ],
        [
          0.353629469871521,
          0.0,
          0.9353855848312378
        ]
      ],
      [
        [
          0.4436241090297699,
          0.0,
          0.8962129354476929
        ],
        [
          0.0,
          1.0,
          0.0
        ],
        [
          -0.8962129354476929,
          0.0,
          0.4436241090297699
        ]
      ],
      [
        [
          0.9132518768310547,
          0.0,
          -0.40739545226097107
        ],
        [
          0.0,
          1.0,
          0.0
        ],
        [
          0.40739545226097107,
          0.0,
          0.9132518768310547
        ]
      ],
      [
        [
          0.505577802658081,
          0.0,
          0.8627810478210449
        ],
        [
          0.0,
          1.0,
          0.0
        ],
        [
          -0.8627810478210449,
          0.0,
          0.505577802658081
        ]
      ],
      [
        [
          0.9407413601875305,
          0.0,
          -0.3391249179840088
        ],
        [
          0.0,
          1.0,
          0.0
        ],
        [
          0.3391249179840088,
          0.0,
          0.9407413601875305
        ]
      ],
      [
        [
          0.4476488530635834,
          0.0,
          0.8942094445228577
        ],
        [
          0.0,
          1.0,
          0.0
        ],
        [
          -0.8942094445228577,
          0.0,
          0.4476488530635834
        ]
      ],
      [
        [
          0.9165939092636108,
          0.0,
          -0.39981940388679504
        ],
        [
          0.0,
          1.0,
          0.0
        ],
        [
          0.39981940388679504,
          0.0,
          0.9165939092636108
        ]
      ],
      [
        [
          0.993477463722229,
          0.0,
          0.1140284389257431
        ],
        [
          0.0,
          1.0,
          0.0
        ],
        [
          -0.1140284389257431,
          0.0,
          0.993477463722229
        ]
      ],
      [
        [
          0.9388979077339172,
          0.0,
          -0.34419578313827515
        ],
        [
          0.0,
          1.0,
          0.0
        ],
        [
          0.34419578313827515,
          0.0,
          0.9388979077339172
        ]
      ],
      [
        [
          0.5243431925773621,
          0.0,
          0.8515070676803589
        ],
        [
          0.0,
          1.0,
          0.0
        ],
        [
          -0.8515070676803589,
          0.0,
          0.5243431925773621
        ]
      ],
      [
        [
          0.4626981019973755,
          0.0,
          0.8865159153938293
        ],
        [
          0.0,
          1.0,
          0.0
        ],
        [
          -0.8865159153938293,
          0.0,
          0.4626981019973755
        ]
      ],
      [
        [
          0.9067342877388,
          0.0,
          -0.42170247435569763
        ],
        [
          0.0,
          1.0,
          0.0
        ],
        [
          0.42170247435569763,
          0.0,
          0.9067342877388
        ]
      ],
      [
        [
          0.9764883518218994,
          0.0,
          0.21557007730007172
        ],
        [
          0.0,
          1.0,
          0.0
        ],
        [
          -0.21557007730007172,
          0.0,
          0.9764883518218994
        ]
      ],
      [
        [
          0.916171669960022,
          0.0,
          -0.40078604221343994
        ],
        [
          0.0,
          1.0,
          0.0
        ],
        [
          0.40078604221343994,
          0.0,
          0.916171669960022
        ]
      ],
      [
        [
          0.9598284363746643,
          0.0,
          -0.2805875539779663
        ],
        [
          0.0,
          1.0,
          0.0
        ],
        [
          0.2805875539779663,
          0.0,
          0.9598284363746643
        ]
      ],
      [
        [
          0.9036324620246887,
          0.0,
          -0.4283086955547333
        ],
        [
          0.0,
          1.0,
          0.0
        ],
        [
          0.4283086955547333,
          0.0,
          0.9036324620246887
        ]
      ],
      [
        [
          0.9221166968345642,
          0.0,
          -0.3869118392467499
        ],
        [
          0.0,
          1.0,
          0.0
        ],
        [
          0.3869118392467499,
          0.0,
          0.9221166968345642
        ]
      ],
      [
        [
          0.8624259829521179,
          0.0,
          -0.5061832070350647
        ],
        [
          0.0,
          1.0,
          0.0
        ],
        [
          0.5061832070350647,
          0.0,
          0.8624259829521179
        ]
      ],
      [
        [
          0.7434645295143127,
          0.0,
          0.6687753796577454
        ],
        [
          0.0,
          1.0,
          0.0
        ],
        [
          -0.6687753796577454,
          0.0,
          0.7434645295143127
        ]
      ],
      [
        [
          0.9038575887680054,
          0.0,
          -0.4278334379196167
        ],
        [
          0.0,
          1.0,
          0.0
        ],
        [
          0.4278334379196167,
          0.0,
          0.9038575887680054
        ]
      ],
      [
        [
          0.9749656915664673,
          0.0,
          0.22235539555549622
        ],
        [
          0.0,
          1.0,
          0.0
        ],
        [
          -0.22235539555549622,
          0.0,
          0.9749656915664673
        ]
      ],
      [
        [
          0.9215959906578064,
          0.0,
          -0.38815051317214966
        ],
        [
          0.0,
          1.0,
          0.0
        ],
        [
          0.38815051317214966,
          0.0,
          0.9215959906578064
        ]
      ],
      [
        [
          0.9217212796211243,
          0.0,
          -0.3878529667854309
        ],
        [
          0.0,
          1.0,
          0.0
        ],
        [
          0.3878529667854309,
          0.0,
          0.9217212796211243
        ]
      ],
      [
        [
          0.4768412113189697,
          0.0,
          0.8789894580841064
        ],
        [
          0.0,
          1.0,
          0.0
        ],
        [
          -0.8789894580841064,
          0.0,
          0.4768412113189697
        ]
      ],
      [
        [
          0.5218473076820374,
          0.0,
          0.8530389070510864
        ],
        [
          0.0,
          1.0,
          0.0
        ],
        [
          -0.8530389070510864,
          0.0,
          0.5218473076820374
        ]
      ],
      [
        [
          0.9932329058647156,
          0.0,
          0.11613943427801132
        ],
        [
          0.0,
          1.0,
          0.0
        ],
        [
          -0.11613943427801132,
          0.0,
          0.9932329058647156
        ]
      ],
      [
        [
          0.9226392507553101,
          0.0,
          -0.38566410541534424
        ],
        [
          0.0,
          1.0,
          0.0
        ],
        [
          0.38566410541534424,
          0.0,
          0.9226392507553101
        ]
      ],
      [
        [
          0.8941451907157898,
          0.0,
          -0.44777712225914
        ],
        [
          0.0,
          1.0,
          0.0
        ],
        [
          0.44777712225914,
          0.0,
          0.8941451907157898
        ]
      ],
      [
        [
          0.9020035266876221,
          0.0,
          -0.43172869086265564
        ],
        [
          0.0,
          1.0,
          0.0
        ],
        [
          0.43172869086265564,
          0.0,
          0.9020035266876221
        ]
      ]
    ]
  }
}